3.737253546714782715e-01 2.929410251457162384e-01 2.678207755088806152e-01 2.070315548448274645e-01 1.672827899456024170e-01 2.053430652706644266e-01 -2.775550782680511475e-01 -2.530232389756573719e-01
8.134526759386062622e-02 1.310899628496570157e-01 2.549698948860168457e-01 2.618741878113212129e-01 4.555136263370513916e-01 3.769776494657134935e-01 3.653217554092407227e-01 3.734187112159477739e-01
-8.058916032314300537e-02 4.565908348710791265e-02 2.171806395053863525e-01 2.206981677071221115e-01 2.005827724933624268e-01 2.266550538005250304e-01 3.621292114257812500e-01 4.381629387952347687e-01
-3.667387962341308594e-01 -4.797368853213147544e-01 2.441792786121368408e-01 1.722127610916053264e-01 1.158759146928787231e-01 3.242461332736829016e-02 -2.924672067165374756e-01 -3.414288982081719048e-01
-2.975130267441272736e-02 -1.902429857991395565e-02 -3.388665318489074707e-01 -3.387691312968889035e-01 3.193768560886383057e-01 3.069603779139182809e-01 4.407769739627838135e-01 4.955157887825417107e-01
-4.016435742378234863e-01 -4.258862870320633265e-01 -4.600910097360610962e-02 -4.855672108904863365e-02 1.866600364446640015e-01 1.609502505507361403e-01 3.550285100936889648e-01 4.223811203800610370e-01
1.223751828074455261e-01 1.902768271515702381e-01 -4.932107925415039062e-01 -4.682804194178832313e-01 2.623415291309356689e-01 2.754880329301521158e-01 -2.625650465488433838e-01 -3.219508201152595506e-01
4.906576573848724365e-01 4.904460191622028176e-01 2.590671777725219727e-01 2.050043699107349793e-01 8.541119098663330078e-02 1.179595675089935014e-01 -2.313042804598808289e-02 -7.871966181281866981e-02
6.422226876020431519e-02 5.512486783359307752e-02 -4.583454430103302002e-01 -4.992627681715476329e-01 1.641222685575485229e-01 1.385485617909499312e-01 -5.385835096240043640e-02 7.325862468488454626e-02
-2.210436612367630005e-01 -3.262404803433820444e-01 1.686233282089233398e-01 1.380860408425788055e-01 2.699430286884307861e-01 3.423032938967201511e-01 -3.268392384052276611e-01 -3.695243208757272857e-01
1.851647496223449707e-01 1.310915709769443216e-01 -7.924817502498626709e-02 -8.404679079496199523e-02 1.339546293020248413e-01 1.411393537361063655e-01 1.919129341840744019e-01 1.599895758510238575e-01
-5.499934032559394836e-02 -1.141154850391143394e-02 -4.718308150768280029e-01 -4.177745291262469074e-01 4.127253293991088867e-01 3.347327002378038818e-01 -1.423037797212600708e-01 -2.050038991538033761e-01
4.141629338264465332e-01 4.277081090250135498e-01 -1.744773834943771362e-01 -1.075870435847560425e-01 2.241669297218322754e-01 3.481292285031230005e-01 4.394932091236114502e-01 4.261153987046479297e-01
3.664821982383728027e-01 2.753795619416740115e-01 1.205129325389862061e-01 1.857503978230087838e-02 3.919675350189208984e-01 3.267690891858117119e-01 2.979719638824462891e-01 2.747493007038183110e-01
3.959697782993316650e-01 3.902426676181778298e-01 3.093508481979370117e-01 2.831849171909372465e-01 8.972326666116714478e-02 8.829699573910992916e-02 -7.554022967815399170e-02 -1.230415238016686758e-01
1.665565222501754761e-01 1.613554699183013252e-01 -4.015887081623077393e-01 -4.617979329066442817e-01 1.713547855615615845e-01 8.250499153928908536e-02 2.364855408668518066e-01 3.328324694374969472e-01
-2.031526565551757812e-01 -3.354218255478703670e-01 -1.704730391502380371e-01 -1.562536439514294884e-01 1.203978210687637329e-01 7.615895758569851681e-02 -3.672204315662384033e-01 -4.422655032067708269e-01
1.025742590427398682e-01 3.751487054772986024e-02 -2.960150241851806641e-01 -2.249277631100823349e-01 4.519948065280914307e-01 4.614677087905514896e-01 -3.484141230583190918e-01 -4.221677699109218640e-01
-3.631576597690582275e-01 -3.740324569883743955e-01 7.922876626253128052e-02 9.737843650733354894e-02 1.563761532306671143e-01 2.169176192170476636e-01 1.797549128532409668e-01 1.347078707895531524e-01
4.149264693260192871e-01 3.928162488969825783e-01 2.291649430990219116e-01 1.476707310229260495e-01 2.343253344297409058e-01 1.133848291033064393e-01 2.722680866718292236e-01 3.671586041973900483e-01
3.856316208839416504e-01 3.691176182555535590e-01 2.158936113119125366e-01 1.746803989110484734e-01 1.467210501432418823e-01 1.294823149773336457e-01 -4.576234519481658936e-01 -4.944565477210420834e-01
-3.071999251842498779e-01 -3.188934112382294517e-01 1.403316706418991089e-01 1.025173820948112463e-01 3.937868177890777588e-01 4.891755484269371679e-01 -1.952875554561614990e-01 -1.737237005103143828e-01
3.775395154953002930e-01 3.563808608919937782e-01 -3.680031895637512207e-01 -3.953447593017934691e-01 1.049135029315948486e-01 8.405548661787876075e-02 -1.180071532726287842e-01 -1.038320171159669292e-01
-2.882873117923736572e-01 -3.727750232110922379e-01 -1.919328048825263977e-02 -6.306209114220287862e-03 4.481146633625030518e-01 4.180565586063866856e-01 -1.257577985525131226e-01 -2.111856371802375565e-01
-4.491786658763885498e-01 -4.523440315895239650e-01 2.271227538585662842e-01 2.143182267216784398e-01 2.017545104026794434e-01 2.385994848511446276e-01 4.740297794342041016e-01 4.789761737625346516e-01
-5.555351451039314270e-02 -1.846102459286667885e-01 -1.260054577142000198e-02 -2.624700300083346663e-02 4.657273292541503906e-01 2.937345402665578198e-01 1.058535650372505188e-02 1.666141114545551319e-02
2.859667837619781494e-01 3.219488799371514332e-01 3.111675009131431580e-02 3.021154835672524089e-02 2.591642737388610840e-02 1.497781863592884122e-02 -2.867052257061004639e-01 -3.999752363230788532e-01
1.658017933368682861e-01 5.912823395892801565e-02 -6.621898710727691650e-02 -8.696033364528391041e-02 3.231917917728424072e-01 1.261285790384918948e-01 6.758400797843933105e-02 5.261692152840849457e-02
3.447890579700469971e-01 3.274261339981894281e-01 3.588382303714752197e-01 3.803513658118529706e-01 4.281500279903411865e-01 4.612279044276785811e-01 -2.153520099818706512e-02 -4.002253234117826575e-02
3.868700563907623291e-01 4.785917356963479974e-01 -1.037286221981048584e-01 -1.430819024806861683e-01 3.547313809394836426e-01 4.158607323383083920e-01 -3.848247975111007690e-02 5.210858104752949527e-02
-1.894038915634155273e-01 -1.596105817482417200e-01 3.774214982986450195e-01 4.180087807422422919e-01 3.754324615001678467e-01 3.625710217778190247e-01 -3.943660482764244080e-02 -6.373305838240726773e-02
-3.892336785793304443e-02 4.228531774944727789e-02 3.841859698295593262e-01 3.898748015250954602e-01 2.745342254638671875e-01 3.105913714331603459e-01 -2.373028248548507690e-01 -1.298598181595150836e-01
-1.824863255023956299e-02 4.395755860473379156e-02 -3.880274593830108643e-01 -4.387789454083464991e-01 1.037457287311553955e-01 1.045877219572512451e-01 1.350304484367370605e-01 1.738087281895070169e-01
4.057390689849853516e-01 3.102322027503083279e-01 4.972932934761047363e-01 4.702711713207148314e-01 4.590116739273071289e-01 4.729987607938812011e-01 5.624801516532897949e-01 4.605789260225576776e-01
1.859244555234909058e-01 1.927744521988767890e-01 -3.091099560260772705e-01 -2.838934835539723700e-01 7.603900879621505737e-02 6.937541308456984801e-02 -2.715918421745300293e-01 -2.790213699511912004e-01
-1.447474062442779541e-01 -1.823363815840965130e-01 4.020502567291259766e-01 4.571263268735210605e-01 2.680841088294982910e-01 3.609284492451725890e-01 -3.056848049163818359e-01 -3.157488958279778268e-01
2.636576294898986816e-01 2.617706851840178595e-01 2.342704385519027710e-01 1.546153051734232842e-01 1.354685425758361816e-01 2.637302633583860079e-03 3.784793317317962646e-01 4.823970746239737983e-01
2.826738059520721436e-01 4.143421000091030426e-01 2.939815521240234375e-01 3.569285861850370889e-01 3.703905642032623291e-01 4.229491286022912799e-01 -8.624890446662902832e-02 -1.196887723819389515e-01
-5.746904760599136353e-02 -2.873819525348287815e-02 -4.790281355381011963e-01 -4.419482937600330841e-01 1.870173066854476929e-01 2.853753286380388832e-01 -7.633925229310989380e-02 -1.052548550264413019e-01
-1.961873620748519897e-01 -3.348554921963549091e-01 -3.082751929759979248e-01 -3.430831654371915285e-01 5.244395136833190918e-01 4.092568056179214930e-01 2.701318264007568359e-01 2.306663048234097735e-01
-6.844198703765869141e-02 2.732103533933331191e-02 -2.640092372894287109e-01 -2.699231972211405539e-01 4.647984504699707031e-01 4.725497155985042275e-01 -3.388452231884002686e-01 -3.286906537925964322e-01
3.080309927463531494e-01 2.631061456581585967e-01 -1.918910443782806396e-01 -2.358264931957055610e-01 4.335884004831314087e-02 3.078545904094548424e-02 -4.667200148105621338e-01 -4.747215518357875697e-01
6.721813976764678955e-02 6.666820273090194593e-02 -1.907915174961090088e-01 -2.382409773230566019e-01 2.823168039321899414e-01 2.827040414553761427e-01 -4.484404325485229492e-01 -4.922052673839877324e-01
-1.695694029331207275e-01 -2.291791270989698981e-01 -4.144169688224792480e-01 -4.667508952545016410e-01 3.576539456844329834e-02 5.451312882488373868e-02 -3.381142616271972656e-01 -3.693016838707553484e-01
1.613359153270721436e-01 1.534520723254182983e-01 -2.447789460420608521e-01 -2.449931020947964944e-01 3.483999148011207581e-02 2.740012173481637392e-02 -2.522473931312561035e-01 -2.731195513813599041e-01
-4.290426373481750488e-01 -4.875749236969471045e-01 -1.706642359495162964e-01 -1.560934749314805414e-01 3.629235029220581055e-01 2.863410010380584847e-01 -4.661922529339790344e-02 -1.203492172356329798e-01
-2.402284294366836548e-01 -3.359532117322290290e-01 -3.108415901660919189e-01 -2.637921391337065824e-01 7.176972180604934692e-02 9.909950111744803003e-02 -2.239843010902404785e-01 -3.452770894339250995e-01
4.802767932415008545e-01 4.897824239253467105e-01 1.915300786495208740e-01 1.049601976417576382e-01 1.610724925994873047e-01 1.413867270704363133e-01 -2.875895798206329346e-01 -3.578816921194484246e-01
3.344558775424957275e-01 3.043125646267889617e-01 3.369972407817840576e-01 3.933527147439369598e-01 3.432292491197586060e-02 2.461724271490289828e-02 -3.872160613536834717e-01 -3.824095270007803471e-01
-2.059628963470458984e-01 -1.438985476585921408e-01 8.430832065641880035e-03 -2.438078801794021575e-02 1.065985709428787231e-01 1.232373760339502411e-01 2.760170698165893555e-01 4.204814497275493612e-01
2.776595950126647949e-01 3.212451945394643738e-01 7.137794047594070435e-02 4.378595747148787687e-02 4.084760248661041260e-01 4.359893384181842690e-01 5.495512485504150391e-02 6.054268453437588321e-02
1.552481800317764282e-01 1.945272143189687164e-01 -1.836257278919219971e-01 -1.334053103211239877e-01 3.754000365734100342e-01 3.740002060635048142e-01 3.881534934043884277e-02 6.947038782460041029e-02
7.424035668373107910e-02 4.959678548124864944e-02 -1.974337399005889893e-01 -2.326596043295103000e-01 3.009098172187805176e-01 2.076508925390392890e-01 -8.087763935327529907e-02 -1.887986836125531420e-01
-1.972398757934570312e-01 -2.457381454853184433e-01 -3.095962703227996826e-01 -2.355757999082573051e-01 2.483244389295578003e-01 9.989369156975419495e-02 2.123852372169494629e-01 1.850255781573502123e-01
-8.788666874170303345e-02 -2.027618525375330938e-01 -1.273743361234664917e-01 -1.857710238235573408e-01 4.821362495422363281e-01 3.783229947818427252e-01 3.253168612718582153e-02 -3.666797232621576280e-02
8.854914456605911255e-02 5.229395572443124030e-02 -1.136769503355026245e-01 -1.498757406663162317e-01 1.547381877899169922e-01 1.720238141555782141e-01 -2.839850485324859619e-01 -3.669322140836783763e-01
-3.690027892589569092e-01 -4.062594140088211514e-01 -1.743525266647338867e-01 -1.239326719626480389e-01 8.867294341325759888e-02 2.013814638840133453e-02 -6.663409527391195297e-03 -5.065334907776587736e-02
1.070243120193481445e-01 1.229828094189714116e-01 -3.228948414325714111e-01 -4.415283123663388265e-01 4.691008031368255615e-01 4.478011103184935671e-01 -1.115189306437969208e-02 -4.145655951533986500e-02
-2.378134727478027344e-01 -2.065368682109073317e-01 -3.542587161064147949e-01 -3.957042384010867053e-01 3.741719722747802734e-01 3.790328536976810825e-01 -3.992103636264801025e-01 -4.261745620563237580e-01
-2.969853579998016357e-01 -2.675994775418014671e-01 2.105437368154525757e-01 3.219566037488783006e-01 1.749637126922607422e-01 1.904711944802174872e-01 2.338191121816635132e-01 1.229487292623681755e-01
2.891702950000762939e-01 3.643517428166378469e-01 -1.621888279914855957e-01 -1.470823675921712204e-01 3.735299110412597656e-01 3.952136236176238548e-01 2.060277462005615234e-01 1.906575277934184076e-01
3.998296558856964111e-01 3.977121816784722763e-01 -4.063949286937713623e-01 -4.802695446207058128e-01 4.470973312854766846e-01 3.905360592587401314e-01 3.788152933120727539e-01 3.687537273338162835e-01
-6.655607372522354126e-03 -2.942444738808045954e-02 -3.935899436473846436e-01 -3.666087224493891350e-01 3.861433863639831543e-01 4.260376890290398788e-01 -3.737424910068511963e-01 -4.814437176662761386e-01
-1.993016600608825684e-01 -2.744479373282510126e-01 -1.481044478714466095e-02 -5.716275442486996178e-02 8.487600833177566528e-02 1.173496984677196986e-02 -5.341071635484695435e-02 -1.946787239847394199e-02
1.967350393533706665e-01 1.533053645414913235e-01 -2.688185870647430420e-01 -2.525181198556307738e-01 8.593770116567611694e-02 7.090186429263178880e-03 -7.998856157064437866e-02 -8.372980034028275342e-02
3.017834387719631195e-02 3.805866723140603151e-03 -1.749338954687118530e-01 -1.266422812275329601e-01 4.543900191783905029e-01 4.468538786973711430e-01 1.072644218802452087e-01 8.615817447855567135e-02
5.407955870032310486e-02 1.404858744002661641e-01 -3.151248693466186523e-01 -2.705941074135518321e-01 5.168524980545043945e-01 4.671212934006624407e-01 3.080912530422210693e-01 3.815512036826912423e-01
-3.025612831115722656e-01 -4.478453534006662240e-01 -3.896905183792114258e-01 -4.505822005566413324e-01 2.801822423934936523e-01 2.493377003524826219e-01 -3.935242891311645508e-01 -4.716548714468011827e-01
3.284091949462890625e-01 3.484360559941430124e-01 2.258694618940353394e-01 1.429909837324405408e-01 3.065281510353088379e-01 2.890778493759689205e-01 -4.527882039546966553e-01 -4.322232840548323463e-01
-2.645592987537384033e-01 -3.567196699688348627e-01 -4.116960465908050537e-01 -3.418033596313037048e-01 1.228124126791954041e-01 2.257539555312393365e-02 -3.788755238056182861e-01 -4.035685757685747443e-01
1.756682544946670532e-01 6.206815961731743103e-02 8.046425133943557739e-02 8.393000248560149312e-02 4.052570164203643799e-01 3.766315700393086385e-01 7.802174426615238190e-03 -5.112931766478157752e-02
4.555101394653320312e-01 4.877827106573759952e-01 3.307731747627258301e-01 3.810287151422119822e-01 2.358146570622920990e-02 4.364587901365662992e-02 -1.738777756690979004e-01 -2.067261383326640667e-01
4.775537177920341492e-02 8.779458050448607498e-02 -6.927319616079330444e-02 -1.042670687871634222e-01 2.349856495857238770e-01 1.709436914366220805e-01 -3.096104562282562256e-01 -3.409859487237703046e-01
-1.453724130988121033e-02 -3.783582612402900530e-02 1.826176792383193970e-02 3.081703867589418930e-02 2.076303064823150635e-01 1.939860960076275065e-01 1.639845222234725952e-01 1.653407430764669284e-01
1.287559140473604202e-02 -4.064653901255297491e-02 1.811396181583404541e-01 1.763592902192479273e-01 3.141569793224334717e-01 3.832382343995173191e-01 3.120957128703594208e-02 -2.220023215275899672e-02
8.158890902996063232e-02 1.430789766161229826e-01 -3.097352087497711182e-01 -4.570659690000035136e-01 1.289200037717819214e-01 3.121019188930651209e-02 1.374337226152420044e-01 2.847670647324360704e-01
2.307146638631820679e-01 1.830681466206807440e-01 -5.415022838860750198e-03 -7.938979006179901210e-02 1.750958561897277832e-01 1.154258763782062269e-02 1.624728292226791382e-01 2.629173365749140623e-01
1.022893935441970825e-01 1.280297735520259106e-01 -2.666448652744293213e-01 -3.304828597082041242e-01 3.824089169502258301e-01 4.147996213649016162e-01 2.379802763462066650e-01 2.992068637782531737e-01
4.141173660755157471e-01 4.247608123764092802e-01 -3.968217968940734863e-01 -4.872513857322159359e-01 2.239583879709243774e-01 1.311310664808034154e-01 3.286719024181365967e-01 4.485980208613905562e-01
-1.576262563467025757e-01 -2.010211073510650148e-01 -3.292847573757171631e-01 -3.428692358610071489e-01 1.131656318902969360e-01 1.059194755000459343e-01 -1.416385024785995483e-01 -1.129130620003217234e-01
2.696152329444885254e-01 2.166330638249931995e-01 -2.634775824844837189e-02 -1.421278118480255870e-01 2.852447330951690674e-01 2.378518402874982840e-01 1.496166586875915527e-01 1.788926004733515096e-01
-2.832591235637664795e-01 -3.118557822517991074e-01 2.281512320041656494e-01 2.806275073652380603e-01 1.095192283391952515e-01 2.071611336439558304e-01 2.590956389904022217e-01 1.793512251435458449e-01
-1.656406675465404987e-03 1.143013340153235455e-02 -1.655190289020538330e-01 -1.668544872178107097e-01 6.456014513969421387e-02 6.414747622141725447e-02 -3.244433999061584473e-01 -3.633049586350300952e-01
-1.104383915662765503e-01 -2.177780174701447746e-01 2.087985277175903320e-01 2.920221007198044449e-01 3.280526995658874512e-01 3.366192461992971730e-01 -2.149847596883773804e-01 -2.670013705438424312e-01
-6.621999293565750122e-02 -1.847776207815845506e-01 -1.703200936317443848e-01 -1.827394378572272660e-01 3.348424434661865234e-01 3.874998177863865356e-01 7.766003161668777466e-02 -2.228137256827301960e-02
-9.762500971555709839e-02 -7.629089763242825895e-02 5.214926004409790039e-01 4.834776371058706057e-01 1.677914261817932129e-01 1.135561564594290140e-01 2.615719437599182129e-01 3.787817896707811882e-01
-3.523544669151306152e-01 -4.891967849108885824e-01 1.455428302288055420e-01 1.094443913698472937e-01 3.617746531963348389e-01 4.650345034482232243e-01 -2.090615332126617432e-01 -3.682722132019387029e-01
3.603191673755645752e-01 3.924910521250556950e-01 3.505335748195648193e-01 2.905020869637113812e-01 1.943459808826446533e-01 3.972256115304195756e-02 3.779228627681732178e-01 4.591731857383140047e-01
-4.380755424499511719e-01 -4.994508208534732541e-01 2.232873141765594482e-01 2.550555016983437895e-01 1.859887987375259399e-01 2.985856561897676231e-02 4.319617450237274170e-01 3.958578421938798719e-01
-2.003943175077438354e-02 -9.199083118679250715e-02 2.665105462074279785e-01 2.011092920022235497e-01 4.009324610233306885e-01 4.202769903645285909e-01 1.590254753828048706e-01 1.943009133934512356e-01
-3.537270128726959229e-01 -3.788379705061836189e-01 1.173534542322158813e-01 1.543755359745219435e-01 3.626620769500732422e-01 2.349875648878586021e-01 5.622204393148422241e-03 -2.602054026384571089e-02
3.983728885650634766e-01 3.667040621124577626e-01 -7.375995069742202759e-02 -7.200729353402189614e-02 5.187547802925109863e-01 4.837794458347981497e-01 4.347653090953826904e-01 2.721634802645940820e-01
2.876560986042022705e-01 3.203871718487625864e-01 -1.605802178382873535e-01 -1.005939340616597288e-01 3.916998505592346191e-01 3.798787078793385841e-01 3.254584372043609619e-01 2.960321963615408780e-01
3.556677103042602539e-01 2.904434854579846514e-01 2.635910212993621826e-01 2.279441994556697104e-01 3.954363763332366943e-01 3.593110215762297388e-01 8.444470912218093872e-02 2.395149002918972245e-02
2.073081731796264648e-01 2.429890406776264722e-01 -3.758821785449981689e-01 -2.806986816266726636e-01 3.451779782772064209e-01 3.133259183303566675e-01 -3.167467713356018066e-01 -3.300640023142428214e-01
6.436377763748168945e-02 1.105758901858506019e-02 -3.854035437107086182e-01 -3.954805990612149103e-01 3.671543896198272705e-01 3.055540294762927322e-01 -7.870230823755264282e-02 -1.446678725500134266e-01
-3.586525619029998779e-01 -4.684942309784679848e-01 1.026941016316413879e-01 6.034850207023885471e-02 1.761341840028762817e-01 1.402185198543556277e-01 -2.614225447177886963e-01 -2.919188473683216323e-01
3.832521736621856689e-01 4.239558136704458802e-01 1.314870417118072510e-01 1.442800780539535699e-01 3.969507515430450439e-01 4.032866434890198803e-01 -2.493563741445541382e-01 -1.949680013436636550e-01
-8.453857153654098511e-02 -1.166075056949684441e-01 -2.130733430385589600e-01 -2.277503502492041199e-01 2.042121887207031250e-01 2.144873466945779739e-01 7.794494926929473877e-02 5.054953053533683960e-02
3.868481516838073730e-01 2.916256847204159453e-01 -3.454954922199249268e-01 -4.551409923944359504e-01 1.979980170726776123e-01 1.734693377475352571e-01 2.592097818851470947e-01 2.874124342407033961e-01
7.611420005559921265e-02 9.011544640355614866e-02 3.642578125000000000e-01 3.283338997453736918e-01 3.836041986942291260e-01 3.970391747431262774e-01 -3.691925406455993652e-01 -3.909329974119214457e-01
3.655843734741210938e-01 3.960637094750095732e-01 -2.181082814931869507e-01 -1.901103133645390131e-01 1.745627224445343018e-01 1.720010239193629498e-01 -1.524628400802612305e-01 -1.439526614130345050e-01
-3.045821785926818848e-01 -4.642966813286262262e-01 -1.273602098226547241e-01 -1.119839547359885584e-01 1.669442206621170044e-01 2.429013306037088871e-01 -3.252702355384826660e-01 -4.998656673043454512e-01
-9.338100999593734741e-02 -5.486552917355446563e-02 -3.890545070171356201e-01 -3.423120433557891307e-01 1.833823174238204956e-01 1.262581156461292653e-01 3.616168498992919922e-01 3.759851143362609172e-01
-2.265698648989200592e-02 -3.210640230877305490e-02 -3.341534137725830078e-01 -3.993479153954150318e-01 2.349955290555953979e-01 3.429767248069417462e-01 3.722763657569885254e-01 3.876642382611945048e-01
-4.241646230220794678e-01 -4.334635162019354615e-01 2.315950393676757812e-01 2.289818028804229688e-01 3.848060667514801025e-01 4.197457041934070099e-01 1.873307675123214722e-01 1.116231857307087016e-01
3.086561560630798340e-01 3.346753420775203658e-01 2.244780510663986206e-01 2.299166637944716207e-01 9.354501217603683472e-02 7.711306534147738256e-02 -1.169127877801656723e-02 -4.321622640231226331e-02
3.985429108142852783e-01 3.288218848245310633e-01 3.104040622711181641e-01 3.150623839584190677e-01 3.250731825828552246e-01 3.114740362474402446e-01 1.927858963608741760e-02 -2.487397189376914716e-02
1.364825516939163208e-01 8.433030256130588653e-02 4.214979708194732666e-01 3.196009506278805201e-01 3.535006940364837646e-01 2.994203686472100556e-01 3.868452906608581543e-01 4.439000204394595306e-01
-4.396120905876159668e-01 -4.936024653951371910e-01 2.708436548709869385e-01 3.015056308298404986e-01 2.228432446718215942e-01 1.230205564399966534e-02 1.229452937841415405e-01 1.429678234318781105e-01
-7.774434983730316162e-02 -3.541093038058398118e-02 3.299330770969390869e-01 2.873319386106318873e-01 3.538050651550292969e-01 2.737002073792222934e-01 3.673150241374969482e-01 4.866185558641229481e-01
-1.191833019256591797e-01 -2.098772362518896706e-01 -5.315833911299705505e-02 -2.199868033413952817e-02 5.005781054496765137e-01 4.706411492165156751e-01 2.286472469568252563e-01 1.627465356830880283e-01
-1.469334214925765991e-01 -7.939666778246234902e-02 -3.470366075634956360e-02 -1.924211830747681040e-03 9.827540069818496704e-02 2.925585572008520541e-01 1.038512587547302246e-01 6.270466637202257165e-02
-4.351982474327087402e-01 -4.899509572116285128e-01 -2.999734282493591309e-01 -3.124017347113317022e-01 1.794248074293136597e-01 5.641731625222468072e-02 2.054138928651809692e-01 1.540521025018778689e-01
1.113041862845420837e-01 7.032498622011089384e-02 -2.879855930805206299e-01 -2.566990497666213900e-01 1.213842853903770447e-01 1.272606702221145691e-01 -5.509746074676513672e-02 -8.731916504082094799e-02
3.586840927600860596e-01 3.488631541836498817e-01 2.537871301174163818e-01 2.432487860600544560e-01 9.488562494516372681e-02 8.004821459063998779e-02 -3.131860494613647461e-01 -3.625714844281890947e-01
2.737954258918762207e-02 -2.400043415476380351e-02 6.036669760942459106e-02 9.229228313020748642e-02 4.396215975284576416e-01 4.447861564444950955e-01 3.318309187889099121e-01 2.794677377100528437e-01
-3.054715991020202637e-01 -4.618311793533796950e-01 2.532642101868987083e-04 -2.770929403965835536e-02 3.062310814857482910e-01 2.619644456314903502e-01 -3.247959911823272705e-01 -4.497271270200779991e-01
-2.006063908338546753e-01 -3.192529941810980931e-01 -8.003338426351547241e-02 -1.232124248219969471e-02 1.529575586318969727e-01 1.732522693655212387e-01 -3.649726808071136475e-01 -4.942282672727489334e-01
-2.358722686767578125e-01 -2.251642522466656970e-01 -4.524829685688018799e-01 -4.285592708857222100e-01 6.114073842763900757e-02 4.001704919961712736e-02 -3.802174627780914307e-01 -4.444878278833220842e-01
-3.021146357059478760e-01 -3.501168810550752131e-01 1.569311916828155518e-01 1.116807935936367790e-01 2.343293428421020508e-01 2.102955777045689700e-01 -1.997081376612186432e-02 -6.268653622845158594e-04
1.749142557382583618e-01 8.917720901613593321e-02 -3.046530783176422119e-01 -2.326632769333051298e-01 6.800758093595504761e-02 4.443742725990845743e-02 -1.879106611013412476e-01 -2.272672164385086957e-01
2.009997516870498657e-01 2.108492410888362367e-01 -4.124759435653686523e-01 -3.190383445724408462e-01 1.599698662757873535e-01 1.351580682708105052e-01 -3.617373704910278320e-01 -3.935353097658319532e-01
-3.217292204499244690e-02 -1.003616201345605280e-01 4.201206266880035400e-01 3.774200945275533181e-01 2.584098577499389648e-01 2.571347640182931604e-01 -1.827856004238128662e-01 -2.392153444974446097e-01
2.489566057920455933e-01 2.558278856426140502e-01 3.191070556640625000e-01 3.281653103182440856e-01 1.951904445886611938e-01 1.273010072745090482e-01 -1.265016477555036545e-02 -8.337873409701391722e-03
-3.839351981878280640e-02 -6.431519432592913699e-02 -2.318609654903411865e-01 -2.253893256652594601e-01 1.639522463083267212e-01 8.772505370121636004e-02 1.333101540803909302e-01 9.723861348084400502e-02
4.154514670372009277e-01 3.758581416138080944e-01 -3.684472143650054932e-01 -4.459248947608864810e-01 4.441421031951904297e-01 4.647185120350653120e-01 4.470370113849639893e-01 4.263699592311687159e-01
-1.273195818066596985e-02 -6.315833603034800778e-03 -4.027504622936248779e-01 -3.533539379403912717e-01 1.006278246641159058e-01 9.858950845759151260e-02 -2.782195210456848145e-01 -2.861935343790803499e-01
3.494601547718048096e-01 2.237094215132629516e-01 -4.208317697048187256e-01 -4.952580714548024954e-01 4.129053950309753418e-01 3.276472170383908367e-01 6.570198386907577515e-02 6.523152912844938645e-02
4.363089799880981445e-01 4.426580771509279755e-01 -2.905048727989196777e-01 -2.943243824704943057e-01 2.607342302799224854e-01 2.659139834597115115e-01 -3.618068695068359375e-01 -3.198614976976978941e-01
-2.676088511943817139e-01 -3.881872072970553589e-01 -1.780669540166854858e-01 -2.074405416711778694e-01 1.691935509443283081e-01 1.957684701620983625e-01 -2.758477926254272461e-01 -3.329461080162282594e-01
3.568454682826995850e-01 3.875396825355990060e-01 2.602364718914031982e-01 2.757552672665904425e-01 2.362307906150817871e-01 2.405367938648305115e-01 -4.098784625530242920e-01 -4.077619771903095991e-01
4.979102015495300293e-01 4.624037438317655235e-01 2.717825174331665039e-01 2.146488835381300531e-01 2.880622446537017822e-01 2.754593709162086457e-01 3.646246343851089478e-02 -6.930678950021464113e-02
-3.122347891330718994e-01 -4.135842569024952287e-01 -4.622044265270233154e-01 -4.901992695734285199e-01 1.146069541573524475e-01 1.482312258449808295e-01 -3.406924307346343994e-01 -4.370087408935597884e-01
-2.438830137252807617e-01 -2.945700252303874445e-01 -4.697350263595581055e-01 -4.609505027066880256e-01 8.667693287134170532e-02 7.131573831968557320e-02 -3.206059038639068604e-01 -3.897862434546617294e-01
2.369313687086105347e-01 2.067950697299597296e-01 4.493190348148345947e-01 4.345557918915892714e-01 1.463258564472198486e-01 1.302641737318588344e-01 -4.091397821903228760e-01 -4.296185555349482099e-01
-2.457242608070373535e-01 -2.965743901960343765e-01 -2.179206609725952148e-01 -2.320082217135939207e-01 4.289888143539428711e-01 3.814321921890874156e-01 3.248461186885833740e-01 3.322482275034562837e-01
3.295585215091705322e-01 4.067979803167711128e-01 -7.582613080739974976e-02 7.341958725384840727e-03 5.084541440010070801e-01 4.827696997786393718e-01 3.752038776874542236e-01 3.180491274012383629e-01
2.265008836984634399e-01 2.952712896204043869e-01 4.469756186008453369e-01 4.428947175348645904e-01 3.272417485713958740e-01 3.106451808601423115e-01 -1.868869662284851074e-01 -1.924370512073338979e-01
-1.567022651433944702e-01 -1.739017530340760676e-01 3.108843863010406494e-01 3.776659496236353664e-01 6.801371276378631592e-02 9.771901958571582725e-02 -7.807655632495880127e-02 -5.397652874263015460e-02
