3.151028156280517578e-01 1.806716024875640869e-01 1.925215870141983032e-01 -2.679036259651184082e-01
1.369717419147491455e-01 2.895546257495880127e-01 3.802775144577026367e-01 3.362157642841339111e-01
1.968016475439071655e-02 2.756854295730590820e-01 2.230635881423950195e-01 3.444784581661224365e-01
-3.997139334678649902e-01 2.315185368061065674e-01 1.220545843243598938e-01 -3.303519189357757568e-01
-3.907022997736930847e-02 -3.225245177745819092e-01 2.786066234111785889e-01 4.501034617424011230e-01
-4.115554392337799072e-01 -5.120136961340904236e-02 2.318118363618850708e-01 4.268454015254974365e-01
1.226736679673194885e-01 -4.505912363529205322e-01 2.787084877490997314e-01 -2.980085611343383789e-01
4.653432965278625488e-01 2.235997617244720459e-01 1.061811298131942749e-01 -5.324681475758552551e-02
6.091452762484550476e-02 -4.699027538299560547e-01 1.367118954658508301e-01 7.825491949915885925e-03
-3.354692459106445312e-01 1.177106574177742004e-01 3.531323969364166260e-01 -3.287527859210968018e-01
1.347282826900482178e-01 -6.254480034112930298e-02 1.489577740430831909e-01 1.610883176326751709e-01
1.307039894163608551e-02 -4.474755823612213135e-01 3.153240680694580078e-01 -2.112690359354019165e-01
4.051517248153686523e-01 -1.521341055631637573e-01 3.429759442806243896e-01 4.370570480823516846e-01
2.784943878650665283e-01 5.003118887543678284e-02 3.274201452732086182e-01 2.645919322967529297e-01
3.961195647716522217e-01 2.858175635337829590e-01 6.824435293674468994e-02 -9.063337743282318115e-02
1.081378981471061707e-01 -4.288210868835449219e-01 1.445773988962173462e-01 2.210326641798019409e-01
-2.475401014089584351e-01 -1.536363512277603149e-01 1.263723373413085938e-01 -3.709462881088256836e-01
2.457384206354618073e-02 -2.789790332317352295e-01 4.555707871913909912e-01 -4.146654307842254639e-01
-3.810898065567016602e-01 6.663257628679275513e-02 1.613891571760177612e-01 1.185413897037506104e-01
3.554878234863281250e-01 1.460133194923400879e-01 1.655410379171371460e-01 2.796410322189331055e-01
3.722476661205291748e-01 1.704266518354415894e-01 1.194829717278480530e-01 -4.659594297409057617e-01
-3.172387480735778809e-01 9.781014174222946167e-02 4.699313938617706299e-01 -2.117634564638137817e-01
3.575366437435150146e-01 -3.629210591316223145e-01 1.076469272375106812e-01 -8.398583531379699707e-02
-3.725669980049133301e-01 -1.885497383773326874e-02 4.153349399566650391e-01 -2.257301062345504761e-01
-4.691239297389984131e-01 2.011308073997497559e-01 2.202509492635726929e-01 4.542742371559143066e-01
-1.831371784210205078e-01 1.878590509295463562e-02 2.708576321601867676e-01 7.986748591065406799e-03
3.106735944747924805e-01 7.920053601264953613e-02 3.022590652108192444e-02 -3.400624394416809082e-01
6.060265749692916870e-02 -1.028060838580131531e-01 1.303038299083709717e-01 2.386093512177467346e-02
2.924035787582397461e-01 3.303569257259368896e-01 4.466210007667541504e-01 -7.508363574743270874e-02
4.499025344848632812e-01 -1.558039784431457520e-01 3.955942392349243164e-01 8.906406350433826447e-03
-1.666121631860733032e-01 4.137365221977233887e-01 3.581852614879608154e-01 -7.356990128755569458e-02
1.581399887800216675e-02 3.835614323616027832e-01 2.929674088954925537e-01 -1.649779081344604492e-01
2.955329418182373047e-02 -4.482843577861785889e-01 1.056307256221771240e-01 1.607741415500640869e-01
3.749870955944061279e-01 4.633115530014038086e-01 4.430290162563323975e-01 5.286823511123657227e-01
1.905925869941711426e-01 -2.773448228836059570e-01 5.954194813966751099e-02 -2.967799603939056396e-01
-1.921171993017196655e-01 4.414264857769012451e-01 3.600049018859863281e-01 -3.065448999404907227e-01
2.463718205690383911e-01 1.999692469835281372e-01 1.439927667379379272e-01 3.873539268970489502e-01
3.505036234855651855e-01 3.063163757324218750e-01 4.242337942123413086e-01 -1.300335675477981567e-01
1.020699925720691681e-02 -4.197213649749755859e-01 2.314968109130859375e-01 -8.029524981975555420e-02
-3.729714751243591309e-01 -3.297788202762603760e-01 4.057514071464538574e-01 1.903405785560607910e-01
-1.147594209760427475e-02 -3.142936825752258301e-01 4.613252878189086914e-01 -3.209262192249298096e-01
2.607826888561248779e-01 -2.267249375581741333e-01 4.666402935981750488e-02 -4.371506571769714355e-01
6.107959523797035217e-02 -2.358990311622619629e-01 2.788803577423095703e-01 -4.684768319129943848e-01
-2.073145061731338501e-01 -4.461453258991241455e-01 3.589136525988578796e-02 -3.530373275279998779e-01
1.718904823064804077e-01 -2.517030537128448486e-01 2.747453562915325165e-02 -2.451222985982894897e-01
-4.866266846656799316e-01 -1.478846520185470581e-01 3.254494071006774902e-01 -1.510470062494277954e-01
-2.998551428318023682e-01 -2.478929609060287476e-01 1.199433505535125732e-01 -3.235068619251251221e-01
4.800671637058258057e-01 1.117184385657310486e-01 1.401969790458679199e-01 -3.223416507244110107e-01
3.294187486171722412e-01 3.373393118381500244e-01 2.347401529550552368e-02 -3.734294176101684570e-01
-1.684376448392868042e-01 -1.828535087406635284e-02 1.554616838693618774e-01 3.479482531547546387e-01
3.160432577133178711e-01 6.950432807207107544e-02 4.276123642921447754e-01 4.754599556326866150e-02
1.814399063587188721e-01 -1.553644537925720215e-01 3.868394792079925537e-01 4.250659048557281494e-02
6.921468675136566162e-02 -2.234828323125839233e-01 1.559617519378662109e-01 -1.889790594577789307e-01
-2.671725153923034668e-01 -2.377061843872070312e-01 1.304094046354293823e-01 1.635714769363403320e-01
-1.749803721904754639e-01 -1.763249933719635010e-01 3.833175003528594971e-01 -3.050235100090503693e-02
4.054791852831840515e-02 -1.887288242578506470e-01 1.782105118036270142e-01 -3.808819651603698730e-01
-3.739537298679351807e-01 -1.478256285190582275e-01 6.863828748464584351e-02 -4.425227269530296326e-02
1.043294295668601990e-01 -4.307289421558380127e-01 4.187772274017333984e-01 -3.395479544997215271e-02
-1.568985134363174438e-01 -3.887602686882019043e-01 3.722940385341644287e-01 -3.971651196479797363e-01
-2.706792354583740234e-01 3.159700632095336914e-01 2.251677513122558594e-01 1.182451695203781128e-01
3.365926444530487061e-01 -1.350161284208297729e-01 3.855589032173156738e-01 2.107191234827041626e-01
4.269157648086547852e-01 -4.312713444232940674e-01 3.712912499904632568e-01 3.814162611961364746e-01
4.582214634865522385e-03 -4.004203379154205322e-01 4.118986427783966064e-01 -4.137379229068756104e-01
-2.630584836006164551e-01 -8.864781260490417480e-02 2.169447951018810272e-02 -3.692026063799858093e-02
1.652357578277587891e-01 -2.509611845016479492e-01 8.605960011482238770e-02 -1.131828278303146362e-01
-7.452324498444795609e-03 -1.357724368572235107e-01 4.433287382125854492e-01 8.416467159986495972e-02
1.079367250204086304e-01 -2.737382948398590088e-01 4.596630930900573730e-01 3.264889717102050781e-01
-3.734836876392364502e-01 -4.105385243892669678e-01 2.393394559621810913e-01 -4.087049663066864014e-01
3.424984812736511230e-01 1.456589400768280029e-01 2.813598513603210449e-01 -4.279525279998779297e-01
-2.560583949089050293e-01 -3.626897037029266357e-01 6.456741690635681152e-02 -3.238304257392883301e-01
5.124274641275405884e-02 6.884962320327758789e-02 3.651154935359954834e-01 -5.947337299585342407e-02
4.845899045467376709e-01 3.743990957736968994e-01 4.792890325188636780e-02 -1.776983588933944702e-01
6.437389552593231201e-02 -1.454178988933563232e-01 1.746312826871871948e-01 -3.596186637878417969e-01
-4.068400710821151733e-02 1.358095556497573853e-02 1.360810846090316772e-01 1.809908896684646606e-01
-2.219834178686141968e-02 1.731451600790023804e-01 4.042255282402038574e-01 -1.806148700416088104e-02
9.367736428976058960e-02 -4.061823785305023193e-01 1.255206018686294556e-01 1.837176829576492310e-01
2.080416083335876465e-01 -4.998805746436119080e-02 1.114381328225135803e-01 2.712988853454589844e-01
1.268950700759887695e-01 -3.369853794574737549e-01 4.124585688114166260e-01 2.865131795406341553e-01
4.271827340126037598e-01 -4.092827141284942627e-01 2.339529246091842651e-01 2.947883605957031250e-01
-2.105563730001449585e-01 -3.488170802593231201e-01 1.212029159069061279e-01 -1.357898265123367310e-01
2.249502837657928467e-01 -1.311533898115158081e-01 2.082045972347259521e-01 2.212791591882705688e-01
-3.151467442512512207e-01 2.636035382747650146e-01 1.870670765638351440e-01 1.754203140735626221e-01
4.972483497112989426e-03 -1.943617314100265503e-01 6.154725700616836548e-02 -3.392343223094940186e-01
-2.265256047248840332e-01 2.859159708023071289e-01 3.373648822307586670e-01 -2.752240002155303955e-01
-1.529112011194229126e-01 -1.712484955787658691e-01 3.921846747398376465e-01 -1.525754667818546295e-02
-1.366740912199020386e-01 4.864456951618194580e-01 1.655555069446563721e-01 2.814621627330780029e-01
-4.292208850383758545e-01 1.140556260943412781e-01 4.550550878047943115e-01 -3.274005651473999023e-01
3.540614247322082520e-01 3.446404635906219482e-01 1.433511227369308472e-01 3.843719363212585449e-01
-4.576981961727142334e-01 2.133149653673171997e-01 2.032812833786010742e-01 4.106157124042510986e-01
-1.123019978404045105e-01 2.012001574039459229e-01 4.257362186908721924e-01 1.779370754957199097e-01
-3.747625946998596191e-01 1.598114967346191406e-01 2.913051247596740723e-01 -5.526121333241462708e-02
3.644941747188568115e-01 -7.286083698272705078e-02 4.537422358989715576e-01 3.269381225109100342e-01
2.858226001262664795e-01 -9.922896325588226318e-02 3.704757690429687500e-01 3.260314762592315674e-01
3.160850107669830322e-01 2.199208289384841919e-01 3.589448034763336182e-01 1.613530144095420837e-02
2.197544276714324951e-01 -3.188362717628479004e-01 2.991179525852203369e-01 -3.399181962013244629e-01
4.177220165729522705e-02 -4.087400138378143311e-01 2.674766480922698975e-01 -1.258136779069900513e-01
-3.795957863330841064e-01 1.479860395193099976e-01 1.700144708156585693e-01 -2.870797812938690186e-01
4.098175764083862305e-01 1.606118828058242798e-01 3.905085027217864990e-01 -2.193782478570938110e-01
-1.050661727786064148e-01 -2.563401758670806885e-01 2.196916788816452026e-01 3.213731944561004639e-02
3.665518164634704590e-01 -3.771340250968933105e-01 2.070072740316390991e-01 2.620206475257873535e-01
6.701423227787017822e-02 3.466504514217376709e-01 4.045031666755676270e-01 -3.769290149211883545e-01
3.822282254695892334e-01 -1.919086128473281860e-01 1.734551787376403809e-01 -1.451091170310974121e-01
-3.626945614814758301e-01 -1.248815432190895081e-01 2.712442576885223389e-01 -3.733255267143249512e-01
-6.555978953838348389e-02 -3.439564704895019531e-01 1.979147791862487793e-01 3.486919701099395752e-01
-2.675513736903667450e-02 -3.959799408912658691e-01 3.284345567226409912e-01 3.589074015617370605e-01
-4.325369596481323242e-01 2.275244742631912231e-01 4.167892336845397949e-01 1.008498966693878174e-01
3.193756043910980225e-01 2.419550269842147827e-01 6.262810528278350830e-02 -4.820951446890830994e-02
3.551542460918426514e-01 3.169626891613006592e-01 2.840186059474945068e-01 -5.232373625040054321e-02
1.160095408558845520e-01 3.692735731601715088e-01 3.482277691364288330e-01 3.708406984806060791e-01
-4.619252979755401611e-01 2.909995615482330322e-01 2.646322250366210938e-01 1.471523046493530273e-01
-8.996733278036117554e-02 2.909596264362335205e-01 3.229881823062896729e-01 3.975331485271453857e-01
-1.504803299903869629e-01 -2.883027121424674988e-02 4.469535052776336670e-01 2.140396684408187866e-01
-1.028619036078453064e-01 4.044176265597343445e-02 2.571232318878173828e-01 6.207374110817909241e-02
-4.498945772647857666e-01 -2.932266294956207275e-01 1.544348597526550293e-01 1.800721287727355957e-01
7.653985917568206787e-02 -2.743305265903472900e-01 9.035867452621459961e-02 -1.076018959283828735e-01
3.486634492874145508e-01 2.398404330015182495e-01 7.893352210521697998e-02 -3.605475425720214844e-01
-4.978005215525627136e-02 8.624945580959320068e-02 4.435829520225524902e-01 2.550840973854064941e-01
-3.765986263751983643e-01 -7.642201613634824753e-03 2.770476043224334717e-01 -3.511173725128173828e-01
-2.529607117176055908e-01 -3.871366009116172791e-02 2.055275738239288330e-01 -4.066973030567169189e-01
-1.658508330583572388e-01 -4.315871894359588623e-01 2.090119943022727966e-02 -3.760192394256591797e-01
-3.459767103195190430e-01 1.018537059426307678e-01 2.314264476299285889e-01 -2.559094876050949097e-02
8.838164061307907104e-02 -2.387927174568176270e-01 4.950788244605064392e-02 -2.341097444295883179e-01
1.744231581687927246e-01 -3.603694736957550049e-01 1.492215096950531006e-01 -3.960460126399993896e-01
-1.228663548827171326e-01 3.830087184906005859e-01 2.304205149412155151e-01 -2.618983685970306396e-01
2.364643067121505737e-01 3.525426089763641357e-01 1.088768988847732544e-01 -1.690913550555706024e-02
-1.001619696617126465e-01 -2.388688921928405762e-01 1.214953362941741943e-01 7.145845144987106323e-02
3.694286346435546875e-01 -4.161466360092163086e-01 4.553450047969818115e-01 4.095494747161865234e-01
1.139984815381467342e-03 -3.614322543144226074e-01 4.610330983996391296e-02 -2.931851446628570557e-01
2.506544888019561768e-01 -4.992627501487731934e-01 3.406662940979003906e-01 4.216367378830909729e-02
4.488329291343688965e-01 -2.947547733783721924e-01 2.577480673789978027e-01 -3.154446780681610107e-01
-3.895592689514160156e-01 -2.131821811199188232e-01 1.644167751073837280e-01 -3.217510879039764404e-01
3.610831499099731445e-01 2.918984889984130859e-01 2.277940958738327026e-01 -4.145653545856475830e-01
4.504594206809997559e-01 1.976362764835357666e-01 2.770637571811676025e-01 -6.992761790752410889e-02
-3.531527221202850342e-01 -4.567662477493286133e-01 1.681619137525558472e-01 -4.037736952304840088e-01
-2.470441609621047974e-01 -4.462523162364959717e-01 5.242956429719924927e-02 -3.475877344608306885e-01
2.002008855342864990e-01 4.272325634956359863e-01 1.160456314682960510e-01 -4.495653212070465088e-01
-2.773835659027099609e-01 -2.124513238668441772e-01 3.866916596889495850e-01 2.977410554885864258e-01
3.937223851680755615e-01 9.827988222241401672e-03 4.612811505794525146e-01 3.717053532600402832e-01
2.572178840637207031e-01 4.287173748016357422e-01 2.943839430809020996e-01 -2.248738855123519897e-01
-1.675434559583663940e-01 3.638367652893066406e-01 1.365895718336105347e-01 -5.031162500381469727e-02
