3.464900553226470947e-01 2.929410251457162384e-01 2.976675629615783691e-01 2.070315548448274645e-01 8.882617205381393433e-02 2.053430652706644266e-01 -2.064670622348785400e-01 -2.530232389756573719e-01
3.206893503665924072e-01 1.310899628496570157e-01 3.248873353004455566e-01 2.618741878113212129e-01 4.323155879974365234e-01 3.769776494657134935e-01 3.926720619201660156e-01 3.734187112159477739e-01
5.974734947085380554e-02 4.565908348710791265e-02 2.445237040519714355e-01 2.206981677071221115e-01 2.659696340560913086e-01 2.266550538005250304e-01 3.359055221080780029e-01 4.381629387952347687e-01
-4.086610376834869385e-01 -4.797368853213147544e-01 7.624326646327972412e-02 1.722127610916053264e-01 1.354036331176757812e-01 3.242461332736829016e-02 -1.325113624334335327e-01 -3.414288982081719048e-01
1.009562611579895020e-01 -1.902429857991395565e-02 -1.930688917636871338e-01 -3.387691312968889035e-01 4.474593997001647949e-01 3.069603779139182809e-01 4.184380471706390381e-01 4.955157887825417107e-01
-4.358878731727600098e-01 -4.258862870320633265e-01 2.115003578364849091e-02 -4.855672108904863365e-02 3.033374547958374023e-01 1.609502505507361403e-01 3.581150472164154053e-01 4.223811203800610370e-01
2.272328287363052368e-01 1.902768271515702381e-01 -3.978131711483001709e-01 -4.682804194178832313e-01 1.650808453559875488e-01 2.754880329301521158e-01 -3.254404664039611816e-01 -3.219508201152595506e-01
4.430346786975860596e-01 4.904460191622028176e-01 2.151417881250381470e-01 2.050043699107349793e-01 8.391153067350387573e-02 1.179595675089935014e-01 -3.968878090381622314e-02 -7.871966181281866981e-02
1.306120455265045166e-01 5.512486783359307752e-02 -3.710343837738037109e-01 -4.992627681715476329e-01 2.460824102163314819e-01 1.385485617909499312e-01 6.672371178865432739e-02 7.325862468488454626e-02
-2.604417502880096436e-01 -3.262404803433820444e-01 2.347472459077835083e-01 1.380860408425788055e-01 3.236236870288848877e-01 3.423032938967201511e-01 -3.162571191787719727e-01 -3.695243208757272857e-01
2.001287937164306641e-01 1.310915709769443216e-01 -8.152107149362564087e-02 -8.404679079496199523e-02 2.210149317979812622e-01 1.411393537361063655e-01 1.550734043121337891e-01 1.599895758510238575e-01
-4.737034323625266552e-04 -1.141154850391143394e-02 -2.968471646308898926e-01 -4.177745291262469074e-01 3.121905326843261719e-01 3.347327002378038818e-01 -1.422792673110961914e-01 -2.050038991538033761e-01
4.664251804351806641e-01 4.277081090250135498e-01 -1.761147081851959229e-01 -1.075870435847560425e-01 3.622091114521026611e-01 3.481292285031230005e-01 4.548955261707305908e-01 4.261153987046479297e-01
3.055498301982879639e-01 2.753795619416740115e-01 6.021258607506752014e-02 1.857503978230087838e-02 3.833835721015930176e-01 3.267690891858117119e-01 2.953088879585266113e-01 2.747493007038183110e-01
5.114358067512512207e-01 3.902426676181778298e-01 3.919719755649566650e-01 2.831849171909372465e-01 6.045867130160331726e-02 8.829699573910992916e-02 -1.133201196789741516e-01 -1.230415238016686758e-01
1.697921007871627808e-01 1.613554699183013252e-01 -3.639375269412994385e-01 -4.617979329066442817e-01 1.849511414766311646e-01 8.250499153928908536e-02 2.577542066574096680e-01 3.328324694374969472e-01
-1.684890985488891602e-01 -3.354218255478703670e-01 -8.182935416698455811e-02 -1.562536439514294884e-01 9.788596630096435547e-02 7.615895758569851681e-02 -3.228933513164520264e-01 -4.422655032067708269e-01
-5.780049040913581848e-02 3.751487054772986024e-02 -3.859538733959197998e-01 -2.249277631100823349e-01 3.777973949909210205e-01 4.614677087905514896e-01 -4.028280079364776611e-01 -4.221677699109218640e-01
-3.194118142127990723e-01 -3.740324569883743955e-01 4.620148614048957825e-02 9.737843650733354894e-02 6.382116675376892090e-02 2.169176192170476636e-01 2.043825238943099976e-01 1.347078707895531524e-01
2.927971184253692627e-01 3.928162488969825783e-01 1.059285476803779602e-01 1.476707310229260495e-01 1.366969645023345947e-01 1.133848291033064393e-01 3.056482374668121338e-01 3.671586041973900483e-01
3.442540764808654785e-01 3.691176182555535590e-01 2.231261730194091797e-01 1.746803989110484734e-01 1.738187074661254883e-01 1.294823149773336457e-01 -3.565070629119873047e-01 -4.944565477210420834e-01
-2.030304372310638428e-01 -3.188934112382294517e-01 1.529612541198730469e-01 1.025173820948112463e-01 3.728249371051788330e-01 4.891755484269371679e-01 -7.365582138299942017e-02 -1.737237005103143828e-01
3.888459503650665283e-01 3.563808608919937782e-01 -3.592870831489562988e-01 -3.953447593017934691e-01 1.111591234803199768e-01 8.405548661787876075e-02 -1.406784802675247192e-01 -1.038320171159669292e-01
-2.617505192756652832e-01 -3.727750232110922379e-01 -3.203859925270080566e-02 -6.306209114220287862e-03 2.236720472574234009e-01 4.180565586063866856e-01 2.708452567458152771e-02 -2.111856371802375565e-01
-4.656681716442108154e-01 -4.523440315895239650e-01 2.425742298364639282e-01 2.143182267216784398e-01 2.214487791061401367e-01 2.385994848511446276e-01 4.019545316696166992e-01 4.789761737625346516e-01
-3.691861033439636230e-01 -1.846102459286667885e-01 -3.968018572777509689e-03 -2.624700300083346663e-02 2.967043817043304443e-01 2.937345402665578198e-01 -1.850090771913528442e-01 1.666141114545551319e-02
3.314856588840484619e-01 3.219488799371514332e-01 2.385045439004898071e-01 3.021154835672524089e-02 9.836985170841217041e-02 1.497781863592884122e-02 -2.543978691101074219e-01 -3.999752363230788532e-01
1.456169635057449341e-01 5.912823395892801565e-02 -8.244362659752368927e-03 -8.696033364528391041e-02 2.657612562179565430e-01 1.261285790384918948e-01 -7.404798176139593124e-03 5.261692152840849457e-02
3.105427920818328857e-01 3.274261339981894281e-01 3.425223529338836670e-01 3.803513658118529706e-01 3.118498623371124268e-01 4.612279044276785811e-01 -8.460525423288345337e-02 -4.002253234117826575e-02
3.820582926273345947e-01 4.785917356963479974e-01 -9.656884521245956421e-02 -1.430819024806861683e-01 3.845641314983367920e-01 4.158607323383083920e-01 7.035898417234420776e-02 5.210858104752949527e-02
-2.543580234050750732e-01 -1.596105817482417200e-01 4.139930903911590576e-01 4.180087807422422919e-01 2.387435436248779297e-01 3.625710217778190247e-01 -1.326573640108108521e-01 -6.373305838240726773e-02
6.963886320590972900e-02 4.228531774944727789e-02 3.214654326438903809e-01 3.898748015250954602e-01 1.997349113225936890e-01 3.105913714331603459e-01 -1.556555032730102539e-01 -1.298598181595150836e-01
2.246314287185668945e-02 4.395755860473379156e-02 -4.042114615440368652e-01 -4.387789454083464991e-01 1.635511219501495361e-01 1.045877219572512451e-01 2.201823592185974121e-01 1.738087281895070169e-01
4.315696060657501221e-01 3.102322027503083279e-01 4.367423951625823975e-01 4.702711713207148314e-01 4.385244548320770264e-01 4.729987607938812011e-01 5.350133180618286133e-01 4.605789260225576776e-01
2.444705069065093994e-01 1.927744521988767890e-01 -2.317899465560913086e-01 -2.838934835539723700e-01 4.860612377524375916e-02 6.937541308456984801e-02 -2.777668833732604980e-01 -2.790213699511912004e-01
-1.468458324670791626e-01 -1.823363815840965130e-01 4.838647246360778809e-01 4.571263268735210605e-01 4.247704446315765381e-01 3.609284492451725890e-01 -2.953203618526458740e-01 -3.157488958279778268e-01
2.496804594993591309e-01 2.617706851840178595e-01 2.114168703556060791e-01 1.546153051734232842e-01 1.217128038406372070e-01 2.637302633583860079e-03 3.531831204891204834e-01 4.823970746239737983e-01
5.133666396141052246e-01 4.143421000091030426e-01 3.414262235164642334e-01 3.569285861850370889e-01 4.173915684223175049e-01 4.229491286022912799e-01 -8.324432373046875000e-02 -1.196887723819389515e-01
-7.030663639307022095e-02 -2.873819525348287815e-02 -3.962097465991973877e-01 -4.419482937600330841e-01 9.872526675462722778e-02 2.853753286380388832e-01 7.104897499084472656e-02 -1.052548550264413019e-01
-2.925645112991333008e-01 -3.348554921963549091e-01 -3.926332592964172363e-01 -3.430831654371915285e-01 4.552658200263977051e-01 4.092568056179214930e-01 1.512850821018218994e-01 2.306663048234097735e-01
1.417933255434036255e-01 2.732103533933331191e-02 -1.460816413164138794e-01 -2.699231972211405539e-01 4.645827710628509521e-01 4.725497155985042275e-01 -1.587619334459304810e-01 -3.286906537925964322e-01
1.163140907883644104e-01 2.631061456581585967e-01 6.319960951805114746e-02 -2.358264931957055610e-01 1.038566455245018005e-01 3.078545904094548424e-02 -4.333045482635498047e-01 -4.747215518357875697e-01
1.235968470573425293e-01 6.666820273090194593e-02 -1.420079171657562256e-01 -2.382409773230566019e-01 2.469638735055923462e-01 2.827040414553761427e-01 -3.676944673061370850e-01 -4.922052673839877324e-01
-1.696095168590545654e-01 -2.291791270989698981e-01 -3.599132895469665527e-01 -4.667508952545016410e-01 4.742943122982978821e-02 5.451312882488373868e-02 -2.116647213697433472e-01 -3.693016838707553484e-01
1.210642978549003601e-01 1.534520723254182983e-01 -2.055687308311462402e-01 -2.449931020947964944e-01 6.690277904272079468e-02 2.740012173481637392e-02 -2.237102687358856201e-01 -2.731195513813599041e-01
-3.222392201423645020e-01 -4.875749236969471045e-01 -1.386542618274688721e-01 -1.560934749314805414e-01 3.604659736156463623e-01 2.863410010380584847e-01 -5.800930038094520569e-02 -1.203492172356329798e-01
-2.037558704614639282e-01 -3.359532117322290290e-01 -2.513737976551055908e-01 -2.637921391337065824e-01 2.361118197441101074e-01 9.909950111744803003e-02 -2.807521820068359375e-01 -3.452770894339250995e-01
3.329361081123352051e-01 4.897824239253467105e-01 1.151662841439247131e-01 1.049601976417576382e-01 1.065878868103027344e-01 1.413867270704363133e-01 -2.760103344917297363e-01 -3.578816921194484246e-01
2.414464950561523438e-01 3.043125646267889617e-01 4.044669866561889648e-01 3.933527147439369598e-01 5.352113768458366394e-02 2.461724271490289828e-02 -3.297660350799560547e-01 -3.824095270007803471e-01
-1.468877643346786499e-01 -1.438985476585921408e-01 4.502616077661514282e-02 -2.438078801794021575e-02 1.350857168436050415e-01 1.232373760339502411e-01 3.750832378864288330e-01 4.204814497275493612e-01
3.437321782112121582e-01 3.212451945394643738e-01 7.724163681268692017e-02 4.378595747148787687e-02 4.134634435176849365e-01 4.359893384181842690e-01 1.133204400539398193e-01 6.054268453437588321e-02
1.265029460191726685e-01 1.945272143189687164e-01 -1.184779852628707886e-01 -1.334053103211239877e-01 4.310038983821868896e-01 3.740002060635048142e-01 8.317166566848754883e-02 6.947038782460041029e-02
4.672863334417343140e-02 4.959678548124864944e-02 -1.981624960899353027e-01 -2.326596043295103000e-01 1.678551733493804932e-01 2.076508925390392890e-01 2.774425083771348000e-03 -1.887986836125531420e-01
-1.800373643636703491e-01 -2.457381454853184433e-01 -1.873238682746887207e-01 -2.355757999082573051e-01 1.252322345972061157e-01 9.989369156975419495e-02 1.516202092170715332e-01 1.850255781573502123e-01
-1.444782167673110962e-01 -2.027618525375330938e-01 -2.063152790069580078e-01 -1.857710238235573408e-01 4.408830106258392334e-01 3.783229947818427252e-01 3.070176951587200165e-02 -3.666797232621576280e-02
1.429845392704010010e-01 5.229395572443124030e-02 -1.128266304731369019e-01 -1.498757406663162317e-01 1.586176007986068726e-01 1.720238141555782141e-01 -3.326186835765838623e-01 -3.669322140836783763e-01
-4.242632687091827393e-01 -4.062594140088211514e-01 -1.615374088287353516e-01 -1.239326719626480389e-01 1.228460296988487244e-01 2.013814638840133453e-02 -3.242752701044082642e-02 -5.065334907776587736e-02
1.356938630342483521e-01 1.229828094189714116e-01 -3.701264560222625732e-01 -4.415283123663388265e-01 4.120910763740539551e-01 4.478011103184935671e-01 -2.848119242116808891e-03 -4.145655951533986500e-02
-1.373773664236068726e-01 -2.065368682109073317e-01 -3.699941933155059814e-01 -3.957042384010867053e-01 4.862608909606933594e-01 3.790328536976810825e-01 -3.108120262622833252e-01 -4.261745620563237580e-01
-2.301466017961502075e-01 -2.675994775418014671e-01 2.631633579730987549e-01 3.219566037488783006e-01 2.509881556034088135e-01 1.904711944802174872e-01 1.410724371671676636e-01 1.229487292623681755e-01
3.688696324825286865e-01 3.643517428166378469e-01 -1.893112957477569580e-01 -1.470823675921712204e-01 3.375784158706665039e-01 3.952136236176238548e-01 1.883163303136825562e-01 1.906575277934184076e-01
3.060418069362640381e-01 3.977121816784722763e-01 -4.096882045269012451e-01 -4.802695446207058128e-01 4.867216944694519043e-01 3.905360592587401314e-01 3.264548182487487793e-01 3.687537273338162835e-01
-6.853377074003219604e-02 -2.942444738808045954e-02 -3.703425824642181396e-01 -3.666087224493891350e-01 4.097473919391632080e-01 4.260376890290398788e-01 -2.112396359443664551e-01 -4.814437176662761386e-01
-2.437635809183120728e-01 -2.744479373282510126e-01 -8.878806978464126587e-02 -5.716275442486996178e-02 1.394819766283035278e-01 1.173496984677196986e-02 5.123545229434967041e-02 -1.946787239847394199e-02
1.354484409093856812e-01 1.533053645414913235e-01 -2.399203926324844360e-01 -2.525181198556307738e-01 1.879076808691024780e-01 7.090186429263178880e-03 7.229138910770416260e-02 -8.372980034028275342e-02
4.967578500509262085e-02 3.805866723140603151e-03 -1.159714013338088989e-01 -1.266422812275329601e-01 3.773455917835235596e-01 4.468538786973711430e-01 2.154399454593658447e-01 8.615817447855567135e-02
7.782617956399917603e-02 1.404858744002661641e-01 -1.705513894557952881e-01 -2.705941074135518321e-01 4.513813853263854980e-01 4.671212934006624407e-01 3.851409852504730225e-01 3.815512036826912423e-01
-3.913912475109100342e-01 -4.478453534006662240e-01 -3.680772185325622559e-01 -4.505822005566413324e-01 3.271908164024353027e-01 2.493377003524826219e-01 -3.322134017944335938e-01 -4.716548714468011827e-01
4.285922348499298096e-01 3.484360559941430124e-01 2.205779850482940674e-01 1.429909837324405408e-01 2.841779589653015137e-01 2.890778493759689205e-01 -2.310220152139663696e-01 -4.322232840548323463e-01
-2.433940321207046509e-01 -3.567196699688348627e-01 -3.002519309520721436e-01 -3.418033596313037048e-01 4.667923972010612488e-02 2.257539555312393365e-02 -3.054991066455841064e-01 -4.035685757685747443e-01
6.421108543872833252e-02 6.206815961731743103e-02 7.930421084165573120e-02 8.393000248560149312e-02 4.043575525283813477e-01 3.766315700393086385e-01 3.959438949823379517e-02 -5.112931766478157752e-02
5.442075729370117188e-01 4.877827106573759952e-01 3.825524151325225830e-01 3.810287151422119822e-01 1.272447407245635986e-01 4.364587901365662992e-02 -6.827436387538909912e-02 -2.067261383326640667e-01
1.250270605087280273e-01 8.779458050448607498e-02 -7.662768661975860596e-02 -1.042670687871634222e-01 1.672991216182708740e-01 1.709436914366220805e-01 -2.529130876064300537e-01 -3.409859487237703046e-01
1.503683030605316162e-01 -3.783582612402900530e-02 8.468032628297805786e-02 3.081703867589418930e-02 3.467918932437896729e-01 1.939860960076275065e-01 1.357250809669494629e-01 1.653407430764669284e-01
4.331828653812408447e-02 -4.064653901255297491e-02 1.439798474311828613e-01 1.763592902192479273e-01 3.955973982810974121e-01 3.832382343995173191e-01 7.066775113344192505e-02 -2.220023215275899672e-02
2.080280333757400513e-01 1.430789766161229826e-01 -2.770158648490905762e-01 -4.570659690000035136e-01 2.389301359653472900e-01 3.121019188930651209e-02 2.016642987728118896e-01 2.847670647324360704e-01
2.788662314414978027e-01 1.830681466206807440e-01 2.928343601524829865e-02 -7.938979006179901210e-02 3.108268678188323975e-01 1.154258763782062269e-02 2.811778783798217773e-01 2.629173365749140623e-01
7.693792134523391724e-02 1.280297735520259106e-01 -1.971009224653244019e-01 -3.304828597082041242e-01 4.330559372901916504e-01 4.147996213649016162e-01 3.227910697460174561e-01 2.992068637782531737e-01
3.104851543903350830e-01 4.247608123764092802e-01 -3.910462260246276855e-01 -4.872513857322159359e-01 1.800586283206939697e-01 1.311310664808034154e-01 2.402256727218627930e-01 4.485980208613905562e-01
-7.822842150926589966e-02 -2.010211073510650148e-01 -3.386259675025939941e-01 -3.428692358610071489e-01 1.409072875976562500e-01 1.059194755000459343e-01 2.944639325141906738e-02 -1.129130620003217234e-01
3.104271888732910156e-01 2.166330638249931995e-01 -7.306590676307678223e-02 -1.421278118480255870e-01 2.212918102741241455e-01 2.378518402874982840e-01 2.659522891044616699e-01 1.788926004733515096e-01
-1.388547718524932861e-01 -3.118557822517991074e-01 4.435023665428161621e-01 2.806275073652380603e-01 1.294919103384017944e-01 2.071611336439558304e-01 1.069974675774574280e-01 1.793512251435458449e-01
1.407875679433345795e-02 1.143013340153235455e-02 -3.185477554798126221e-01 -1.668544872178107097e-01 1.239043697714805603e-01 6.414747622141725447e-02 -3.700674772262573242e-01 -3.633049586350300952e-01
-1.969760954380035400e-01 -2.177780174701447746e-01 2.219882160425186157e-01 2.920221007198044449e-01 4.327993094921112061e-01 3.366192461992971730e-01 -1.935725808143615723e-01 -2.670013705438424312e-01
-1.243457570672035217e-01 -1.847776207815845506e-01 -2.310207188129425049e-01 -1.827394378572272660e-01 3.143129646778106689e-01 3.874998177863865356e-01 8.023537695407867432e-02 -2.228137256827301960e-02
-1.337550431489944458e-01 -7.629089763242825895e-02 4.468159675598144531e-01 4.834776371058706057e-01 2.310398966073989868e-01 1.135561564594290140e-01 3.442167341709136963e-01 3.787817896707811882e-01
-2.088265419006347656e-01 -4.891967849108885824e-01 1.777791678905487061e-01 1.094443913698472937e-01 3.605223596096038818e-01 4.650345034482232243e-01 -2.411379218101501465e-01 -3.682722132019387029e-01
2.187206149101257324e-01 3.924910521250556950e-01 2.476410418748855591e-01 2.905020869637113812e-01 1.026012301445007324e-01 3.972256115304195756e-02 3.581502735614776611e-01 4.591731857383140047e-01
-3.567437827587127686e-01 -4.994508208534732541e-01 2.798487842082977295e-01 2.550555016983437895e-01 1.399508565664291382e-01 2.985856561897676231e-02 4.332670271396636963e-01 3.958578421938798719e-01
-1.694573611021041870e-01 -9.199083118679250715e-02 2.412303835153579712e-01 2.011092920022235497e-01 2.653106451034545898e-01 4.202769903645285909e-01 1.606209725141525269e-01 1.943009133934512356e-01
-3.209536373615264893e-01 -3.788379705061836189e-01 1.072318702936172485e-01 1.543755359745219435e-01 2.636954188346862793e-01 2.349875648878586021e-01 8.516480773687362671e-02 -2.602054026384571089e-02
4.285439252853393555e-01 3.667040621124577626e-01 8.548837900161743164e-02 -7.200729353402189614e-02 4.912893474102020264e-01 4.837794458347981497e-01 3.521372973918914795e-01 2.721634802645940820e-01
4.319213926792144775e-01 3.203871718487625864e-01 5.019432306289672852e-02 -1.005939340616597288e-01 4.390223622322082520e-01 3.798787078793385841e-01 3.841530978679656982e-01 2.960321963615408780e-01
2.913995683193206787e-01 2.904434854579846514e-01 2.189812064170837402e-01 2.279441994556697104e-01 3.650110065937042236e-01 3.593110215762297388e-01 9.183540195226669312e-02 2.395149002918972245e-02
3.070420324802398682e-01 2.429890406776264722e-01 -1.165283992886543274e-01 -2.806986816266726636e-01 2.781916260719299316e-01 3.133259183303566675e-01 -2.468934357166290283e-01 -3.300640023142428214e-01
-7.018660008907318115e-02 1.105758901858506019e-02 -2.906082272529602051e-01 -3.954805990612149103e-01 3.327300846576690674e-01 3.055540294762927322e-01 -8.078273385763168335e-02 -1.446678725500134266e-01
-4.228364229202270508e-01 -4.684942309784679848e-01 -5.385149270296096802e-03 6.034850207023885471e-02 1.405389308929443359e-01 1.402185198543556277e-01 -1.825498640537261963e-01 -2.919188473683216323e-01
3.756654560565948486e-01 4.239558136704458802e-01 1.685652136802673340e-01 1.442800780539535699e-01 2.878426611423492432e-01 4.032866434890198803e-01 -1.676104515790939331e-01 -1.949680013436636550e-01
-7.351152598857879639e-02 -1.166075056949684441e-01 -2.129843384027481079e-01 -2.277503502492041199e-01 2.321466505527496338e-01 2.144873466945779739e-01 7.217837125062942505e-02 5.054953053533683960e-02
3.555558025836944580e-01 2.916256847204159453e-01 -3.458917737007141113e-01 -4.551409923944359504e-01 2.792676985263824463e-01 1.734693377475352571e-01 2.322844117879867554e-01 2.874124342407033961e-01
3.122994489967823029e-02 9.011544640355614866e-02 2.700329720973968506e-01 3.283338997453736918e-01 3.870252370834350586e-01 3.970391747431262774e-01 -2.878679931163787842e-01 -3.909329974119214457e-01
3.718379437923431396e-01 3.960637094750095732e-01 -1.875749826431274414e-01 -1.901103133645390131e-01 1.873339563608169556e-01 1.720010239193629498e-01 -4.683615639805793762e-02 -1.439526614130345050e-01
-4.650293290615081787e-01 -4.642966813286262262e-01 -1.135914549231529236e-01 -1.119839547359885584e-01 4.070490300655364990e-01 2.429013306037088871e-01 -2.242227941751480103e-01 -4.998656673043454512e-01
3.119128011167049408e-02 -5.486552917355446563e-02 -2.930240929126739502e-01 -3.423120433557891307e-01 2.952885627746582031e-01 1.262581156461292653e-01 3.735935688018798828e-01 3.759851143362609172e-01
-4.462345037609338760e-03 -3.210640230877305490e-02 -3.542077243328094482e-01 -3.993479153954150318e-01 3.100762069225311279e-01 3.429767248069417462e-01 3.661963343620300293e-01 3.876642382611945048e-01
-3.913733661174774170e-01 -4.334635162019354615e-01 1.827052384614944458e-01 2.289818028804229688e-01 2.880499958992004395e-01 4.197457041934070099e-01 7.419256120920181274e-02 1.116231857307087016e-01
3.266586661338806152e-01 3.346753420775203658e-01 1.440918445587158203e-01 2.299166637944716207e-01 1.552116125822067261e-01 7.711306534147738256e-02 -2.666299976408481598e-02 -4.321622640231226331e-02
2.602061927318572998e-01 3.288218848245310633e-01 2.413583695888519287e-01 3.150623839584190677e-01 1.669045984745025635e-01 3.114740362474402446e-01 6.484490633010864258e-02 -2.487397189376914716e-02
2.458471208810806274e-01 8.433030256130588653e-02 3.204590976238250732e-01 3.196009506278805201e-01 4.382853806018829346e-01 2.994203686472100556e-01 3.423085510730743408e-01 4.439000204394595306e-01
-3.695876300334930420e-01 -4.936024653951371910e-01 2.467981427907943726e-01 3.015056308298404986e-01 1.180993542075157166e-01 1.230205564399966534e-02 2.427780628204345703e-01 1.429678234318781105e-01
-8.521025627851486206e-02 -3.541093038058398118e-02 3.397798240184783936e-01 2.873319386106318873e-01 3.025143146514892578e-01 2.737002073792222934e-01 3.867728412151336670e-01 4.866185558641229481e-01
-1.505038589239120483e-01 -2.098772362518896706e-01 -4.641333594918251038e-02 -2.199868033413952817e-02 4.782335460186004639e-01 4.706411492165156751e-01 1.500618904829025269e-01 1.627465356830880283e-01
-3.208468109369277954e-02 -7.939666778246234902e-02 -8.651889115571975708e-02 -1.924211830747681040e-03 3.029646873474121094e-01 2.925585572008520541e-01 2.765510082244873047e-01 6.270466637202257165e-02
-3.414259850978851318e-01 -4.899509572116285128e-01 -3.129394650459289551e-01 -3.124017347113317022e-01 1.488358825445175171e-01 5.641731625222468072e-02 2.256810367107391357e-01 1.540521025018778689e-01
9.187276661396026611e-02 7.032498622011089384e-02 -2.681474983692169189e-01 -2.566990497666213900e-01 1.925035566091537476e-01 1.272606702221145691e-01 2.477494254708290100e-02 -8.731916504082094799e-02
3.219222724437713623e-01 3.488631541836498817e-01 1.566174626350402832e-01 2.432487860600544560e-01 8.091874420642852783e-02 8.004821459063998779e-02 -3.325405716896057129e-01 -3.625714844281890947e-01
-2.099595032632350922e-02 -2.400043415476380351e-02 1.056765019893646240e-01 9.229228313020748642e-02 4.621451199054718018e-01 4.447861564444950955e-01 3.150219619274139404e-01 2.794677377100528437e-01
-3.096208572387695312e-01 -4.618311793533796950e-01 5.762065574526786804e-02 -2.770929403965835536e-02 3.206745386123657227e-01 2.619644456314903502e-01 -2.421648204326629639e-01 -4.497271270200779991e-01
-1.384634375572204590e-01 -3.192529941810980931e-01 -6.838380545377731323e-02 -1.232124248219969471e-02 1.582179218530654907e-01 1.732522693655212387e-01 -2.220082581043243408e-01 -4.942282672727489334e-01
-2.861309349536895752e-01 -2.251642522466656970e-01 -3.183089494705200195e-01 -4.285592708857222100e-01 1.278645247220993042e-01 4.001704919961712736e-02 -4.385336339473724365e-01 -4.444878278833220842e-01
-2.920732498168945312e-01 -3.501168810550752131e-01 1.456098407506942749e-01 1.116807935936367790e-01 1.275351196527481079e-01 2.102955777045689700e-01 -1.397482305765151978e-01 -6.268653622845158594e-04
1.036351397633552551e-01 8.917720901613593321e-02 -1.927839219570159912e-01 -2.326632769333051298e-01 8.114014565944671631e-02 4.443742725990845743e-02 -1.711000651121139526e-01 -2.272672164385086957e-01
2.388306707143783569e-01 2.108492410888362367e-01 -2.214179486036300659e-01 -3.190383445724408462e-01 1.810834556818008423e-01 1.351580682708105052e-01 -3.085746467113494873e-01 -3.935353097658319532e-01
-5.952877178788185120e-02 -1.003616201345605280e-01 4.304821491241455078e-01 3.774200945275533181e-01 2.719178795814514160e-01 2.571347640182931604e-01 -8.007067441940307617e-02 -2.392153444974446097e-01
3.026201725006103516e-01 2.558278856426140502e-01 3.279171288013458252e-01 3.281653103182440856e-01 1.424153745174407959e-01 1.273010072745090482e-01 1.692136190831661224e-02 -8.337873409701391722e-03
-4.685238003730773926e-02 -6.431519432592913699e-02 -2.105567753314971924e-01 -2.253893256652594601e-01 1.754178255796432495e-01 8.772505370121636004e-02 1.000777557492256165e-01 9.723861348084400502e-02
3.462466895580291748e-01 3.758581416138080944e-01 -3.520048260688781738e-01 -4.459248947608864810e-01 4.572742581367492676e-01 4.647185120350653120e-01 3.860109746456146240e-01 4.263699592311687159e-01
-3.624159842729568481e-02 -6.315833603034800778e-03 -2.333976775407791138e-01 -3.533539379403912717e-01 2.806619405746459961e-01 9.858950845759151260e-02 -7.805805653333663940e-02 -2.861935343790803499e-01
2.766251862049102783e-01 2.237094215132629516e-01 -3.847255408763885498e-01 -4.952580714548024954e-01 3.241071999073028564e-01 3.276472170383908367e-01 9.187471866607666016e-02 6.523152912844938645e-02
2.326143234968185425e-01 4.426580771509279755e-01 -1.954251676797866821e-01 -2.943243824704943057e-01 2.899956405162811279e-01 2.659139834597115115e-01 -2.357582747936248779e-01 -3.198614976976978941e-01
-2.333285659551620483e-01 -3.881872072970553589e-01 -3.419214487075805664e-02 -2.074405416711778694e-01 2.092929035425186157e-01 1.957684701620983625e-01 -1.581832915544509888e-01 -3.329461080162282594e-01
4.227170944213867188e-01 3.875396825355990060e-01 1.460382789373397827e-01 2.757552672665904425e-01 2.769919037818908691e-01 2.405367938648305115e-01 -2.983123660087585449e-01 -4.077619771903095991e-01
3.827123045921325684e-01 4.624037438317655235e-01 2.070046961307525635e-01 2.146488835381300531e-01 2.623338401317596436e-01 2.754593709162086457e-01 -5.698319897055625916e-02 -6.930678950021464113e-02
-3.646765351295471191e-01 -4.135842569024952287e-01 -3.823156952857971191e-01 -4.901992695734285199e-01 1.788830459117889404e-01 1.482312258449808295e-01 -3.463441729545593262e-01 -4.370087408935597884e-01
-2.945676147937774658e-01 -2.945700252303874445e-01 -4.546717405319213867e-01 -4.609505027066880256e-01 6.536167860031127930e-02 7.131573831968557320e-02 -2.972831428050994873e-01 -3.897862434546617294e-01
2.149286717176437378e-01 2.067950697299597296e-01 4.360541403293609619e-01 4.345557918915892714e-01 1.653589606285095215e-01 1.302641737318588344e-01 -3.368642032146453857e-01 -4.296185555349482099e-01
-1.683842241764068604e-01 -2.965743901960343765e-01 -1.969933360815048218e-01 -2.320082217135939207e-01 3.424437046051025391e-01 3.814321921890874156e-01 3.873416185379028320e-01 3.322482275034562837e-01
5.590545535087585449e-01 4.067979803167711128e-01 8.411061018705368042e-02 7.341958725384840727e-03 4.855505824089050293e-01 4.827696997786393718e-01 4.522417783737182617e-01 3.180491274012383629e-01
2.250971943140029907e-01 2.952712896204043869e-01 2.960133850574493408e-01 4.428947175348645904e-01 1.638548076152801514e-01 3.106451808601423115e-01 -7.560562342405319214e-02 -1.924370512073338979e-01
-9.163684211671352386e-03 -1.739017530340760676e-01 3.750503361225128174e-01 3.776659496236353664e-01 2.654519677162170410e-01 9.771901958571582725e-02 -2.484652586281299591e-02 -5.397652874263015460e-02
