2.912973165512084961e-01 2.068533301353454590e-01 1.925781220197677612e-01 -2.719305157661437988e-01
1.509201824665069580e-01 3.063517510890960693e-01 3.646710813045501709e-01 3.626616895198822021e-01
7.859547436237335205e-02 2.750037312507629395e-01 1.989209502935409546e-01 3.517409861087799072e-01
-4.386333823204040527e-01 1.778072267770767212e-01 1.199279651045799255e-01 -3.676608204841613770e-01
-3.046173974871635437e-02 -3.284417986869812012e-01 2.927887737751007080e-01 4.600826203823089600e-01
-4.203008413314819336e-01 -1.244681328535079956e-02 2.848047018051147461e-01 4.377453923225402832e-01
1.443780511617660522e-01 -4.414271414279937744e-01 2.781291007995605469e-01 -3.135909140110015869e-01
5.017666220664978027e-01 2.354911565780639648e-01 1.078668385744094849e-01 -8.211273699998855591e-02
8.627534657716751099e-02 -4.484697580337524414e-01 1.320246905088424683e-01 3.272910788655281067e-02
-3.441748023033142090e-01 1.420296728610992432e-01 3.434397280216217041e-01 -3.550592958927154541e-01
1.546967029571533203e-01 -7.367070764303207397e-02 1.568974554538726807e-01 1.653260886669158936e-01
1.559468451887369156e-02 -4.265037477016448975e-01 3.232513666152954102e-01 -2.348957806825637817e-01
4.347569644451141357e-01 -1.534557938575744629e-01 3.631511628627777100e-01 4.241741299629211426e-01
2.779868841171264648e-01 5.874601751565933228e-02 3.341266810894012451e-01 2.552905082702636719e-01
3.969519138336181641e-01 3.325958251953125000e-01 6.641671806573867798e-02 -1.292141675949096680e-01
1.245491132140159607e-01 -4.085812568664550781e-01 1.524093896150588989e-01 2.412490099668502808e-01
-2.718862593173980713e-01 -1.465783119201660156e-01 9.289544820785522461e-02 -4.280192553997039795e-01
3.363008797168731689e-02 -3.091461956501007080e-01 4.542299211025238037e-01 -4.588178694248199463e-01
-3.752032816410064697e-01 8.282323181629180908e-02 1.487648785114288330e-01 1.249085068702697754e-01
3.692347407341003418e-01 1.487910002470016479e-01 1.784757077693939209e-01 2.789123356342315674e-01
3.728401362895965576e-01 1.864562779664993286e-01 1.119197309017181396e-01 -4.624012410640716553e-01
-3.275511264801025391e-01 1.148064509034156799e-01 4.696794450283050537e-01 -2.015885561704635620e-01
3.967570960521697998e-01 -3.939949274063110352e-01 9.451865404844284058e-02 -1.433164924383163452e-01
-3.756619691848754883e-01 1.558624766767024994e-02 4.055823683738708496e-01 -2.151441723108291626e-01
-4.771414101123809814e-01 2.158756852149963379e-01 2.177072912454605103e-01 4.813839495182037354e-01
-2.049033641815185547e-01 -2.219196408987045288e-02 2.393436133861541748e-01 1.800376363098621368e-02
2.982683777809143066e-01 9.941331297159194946e-02 3.484597057104110718e-02 -3.788877427577972412e-01
7.536506652832031250e-02 -1.141095906496047974e-01 1.245335638523101807e-01 3.471350297331809998e-02
2.701280415058135986e-01 3.318736255168914795e-01 4.697044491767883301e-01 -6.306682527065277100e-02
4.725576043128967285e-01 -1.325892060995101929e-01 4.011479616165161133e-01 4.347139969468116760e-03
-1.442086100578308105e-01 4.220319688320159912e-01 3.609430491924285889e-01 -6.242292746901512146e-02
4.146788269281387329e-02 3.736585676670074463e-01 2.871316969394683838e-01 -8.571261167526245117e-02
3.827708959579467773e-02 -4.584477543830871582e-01 1.094936951994895935e-01 1.714104861021041870e-01
3.261701166629791260e-01 3.199187815189361572e-01 4.493138194084167480e-01 4.998672008514404297e-01
1.860662698745727539e-01 -2.806495726108551025e-01 6.561852246522903442e-02 -2.718361020088195801e-01
-2.015926539897918701e-01 4.477810561656951904e-01 3.587216138839721680e-01 -3.194824457168579102e-01
2.453596591949462891e-01 2.052351087331771851e-01 1.209025904536247253e-01 4.031018912792205811e-01
3.979139328002929688e-01 3.084194958209991455e-01 4.210531413555145264e-01 -1.157403364777565002e-01
8.256428875029087067e-03 -4.400696456432342529e-01 2.188447862863540649e-01 -9.743593633174896240e-02
-3.537925481796264648e-01 -3.497075140476226807e-01 4.217152297496795654e-01 2.161283940076828003e-01
3.311773529276251793e-03 -3.140980005264282227e-01 4.647083282470703125e-01 -3.666801452636718750e-01
2.650971412658691406e-01 -2.408443391323089600e-01 3.974223136901855469e-02 -4.578413069248199463e-01
4.647844657301902771e-02 -2.229402810335159302e-01 2.916222810745239258e-01 -4.963481426239013672e-01
-1.755700260400772095e-01 -4.348489344120025635e-01 2.673745527863502502e-02 -3.518745601177215576e-01
1.594372093677520752e-01 -2.545617818832397461e-01 2.819086238741874695e-02 -2.542790770530700684e-01
-4.917582869529724121e-01 -1.654769331216812134e-01 3.217814266681671143e-01 -1.359657198190689087e-01
-3.003640174865722656e-01 -2.417430132627487183e-01 1.181290969252586365e-01 -3.419416248798370361e-01
4.809973537921905518e-01 1.265448033809661865e-01 1.419534236192703247e-01 -3.345869183540344238e-01
3.303178846836090088e-01 3.601869642734527588e-01 2.180470153689384460e-02 -3.867216408252716064e-01
-1.900184154510498047e-01 -3.112486936151981354e-02 1.401168107986450195e-01 3.965480625629425049e-01
3.300335705280303955e-01 4.830682650208473206e-02 4.335213303565979004e-01 7.197523862123489380e-02
1.881466358900070190e-01 -1.415523439645767212e-01 3.898463845252990723e-01 5.431663990020751953e-02
6.322544813156127930e-02 -2.500631809234619141e-01 1.488319337368011475e-01 -1.979553103446960449e-01
-2.687841653823852539e-01 -2.596924304962158203e-01 1.162109896540641785e-01 1.911598891019821167e-01
-1.796108633279800415e-01 -1.729568690061569214e-01 3.849730193614959717e-01 -5.680213496088981628e-02
5.191252753138542175e-02 -1.639265418052673340e-01 1.973777711391448975e-01 -3.632257580757141113e-01
-3.958723545074462891e-01 -1.545737683773040771e-01 7.093355804681777954e-02 -4.957276210188865662e-02
1.230393126606941223e-01 -4.258150756359100342e-01 4.288969337940216064e-01 -5.407106131315231323e-02
-1.981081515550613403e-01 -3.682656884193420410e-01 3.611296415328979492e-01 -4.197698235511779785e-01
-2.636717259883880615e-01 3.176208436489105225e-01 1.758040934801101685e-01 1.175663545727729797e-01
3.586928844451904297e-01 -1.207819283008575439e-01 3.968368172645568848e-01 2.062764465808868408e-01
4.078367352485656738e-01 -4.591627120971679688e-01 3.717711269855499268e-01 3.479200601577758789e-01
-6.793519016355276108e-03 -4.058863818645477295e-01 4.095516204833984375e-01 -4.998656511306762695e-01
-2.650365233421325684e-01 -4.748351871967315674e-02 4.136916249990463257e-02 -7.220819126814603806e-03
1.707716137170791626e-01 -2.318827360868453979e-01 9.028495103120803833e-02 -7.666283845901489258e-02
3.807208733633160591e-03 -1.150934919714927673e-01 4.396091103553771973e-01 9.147612750530242920e-02
1.359781324863433838e-01 -2.671908140182495117e-01 4.556808769702911377e-01 3.842755258083343506e-01
-3.623390793800354004e-01 -3.897895514965057373e-01 2.644251883029937744e-01 -3.914288580417633057e-01
3.531814813613891602e-01 1.465941667556762695e-01 2.907349169254302979e-01 -4.293017983436584473e-01
-2.567218542098999023e-01 -3.438278436660766602e-01 8.254219591617584229e-02 -3.733972311019897461e-01
8.026968687772750854e-02 7.063296437263488770e-02 3.790089190006256104e-01 -5.707617104053497314e-02
4.930914640426635742e-01 3.820867240428924561e-01 4.456153884530067444e-02 -1.922144740819931030e-01
8.624102175235748291e-02 -1.177387833595275879e-01 1.889728605747222900e-01 -3.398684561252593994e-01
-3.864210098981857300e-02 2.200512774288654327e-02 1.498360633850097656e-01 1.668993979692459106e-01
-2.496282197535037994e-02 1.704056113958358765e-01 3.990278840065002441e-01 -6.738887168467044830e-04
1.009721383452415466e-01 -4.117054641246795654e-01 1.381081789731979370e-01 2.101783156394958496e-01
1.921474635601043701e-01 -8.054021000862121582e-02 1.099055260419845581e-01 2.863425612449645996e-01
1.380406618118286133e-01 -3.379254639148712158e-01 4.152693450450897217e-01 2.993564903736114502e-01
3.976008594036102295e-01 -4.039998352527618408e-01 2.157742381095886230e-01 3.071573674678802490e-01
-1.819474548101425171e-01 -3.443080484867095947e-01 1.124362051486968994e-01 -1.039419397711753845e-01
2.195743173360824585e-01 -1.429513990879058838e-01 2.045882046222686768e-01 2.121557444334030151e-01
-3.169978260993957520e-01 2.546914517879486084e-01 1.746093481779098511e-01 1.890601515769958496e-01
-1.782496459782123566e-02 -1.781481355428695679e-01 5.808375775814056396e-02 -3.663429617881774902e-01
-2.436156421899795532e-01 2.752676904201507568e-01 3.268555104732513428e-01 -2.789421081542968750e-01
-1.612707525491714478e-01 -1.638653874397277832e-01 4.007129967212677002e-01 -4.713565111160278320e-02
-1.280090957880020142e-01 4.433982670307159424e-01 1.354890018701553345e-01 3.376394808292388916e-01
-4.627383351325988770e-01 1.326624900102615356e-01 4.509528875350952148e-01 -3.228214681148529053e-01
3.469585478305816650e-01 3.214648365974426270e-01 9.671175479888916016e-02 4.112095832824707031e-01
-4.685002863407135010e-01 2.454410046339035034e-01 2.012754380702972412e-01 4.395531713962554932e-01
-1.172506660223007202e-01 2.194108068943023682e-01 4.152520000934600830e-01 1.576827764511108398e-01
-3.957659602165222168e-01 1.356350481510162354e-01 2.350425720214843750e-01 -2.228069305419921875e-02
3.791357576847076416e-01 -8.101409673690795898e-02 4.655352830886840820e-01 3.004297316074371338e-01
3.227010667324066162e-01 -1.210502386093139648e-01 3.828669786453247070e-01 3.190343976020812988e-01
2.916115522384643555e-01 2.280370593070983887e-01 3.648763895034790039e-01 4.586639255285263062e-02
2.293574959039688110e-01 -2.812759876251220703e-01 3.091344833374023438e-01 -3.393594324588775635e-01
3.422176837921142578e-02 -4.067060053348541260e-01 2.571901679039001465e-01 -1.544204354286193848e-01
-4.437433183193206787e-01 9.286269545555114746e-02 1.826997399330139160e-01 -3.045268654823303223e-01
4.296683967113494873e-01 1.648672521114349365e-01 3.954124450683593750e-01 -1.819551289081573486e-01
-1.325711458921432495e-01 -2.242328673601150513e-01 2.050023227930068970e-01 3.140610083937644958e-02
3.158100843429565430e-01 -3.965232670307159424e-01 1.945808827877044678e-01 2.548235654830932617e-01
9.378188103437423706e-02 3.433051109313964844e-01 4.060731530189514160e-01 -3.650041222572326660e-01
3.845010101795196533e-01 -1.903038471937179565e-01 1.829819679260253906e-01 -1.511761993169784546e-01
-3.927678763866424561e-01 -1.262846440076828003e-01 2.715309262275695801e-01 -3.640411794185638428e-01
-6.830812245607376099e-02 -3.722988367080688477e-01 2.057768255472183228e-01 3.787849545478820801e-01
-1.071610487997531891e-02 -3.966876268386840820e-01 3.298536837100982666e-01 3.881428837776184082e-01
-4.308042824268341064e-01 2.333751618862152100e-01 3.824665844440460205e-01 1.027987226843833923e-01
3.306959569454193115e-01 2.575327157974243164e-01 9.172403067350387573e-02 -4.709181189537048340e-02
3.314547240734100342e-01 3.131802082061767578e-01 3.034505248069763184e-01 9.730772115290164948e-03
1.240047290921211243e-01 3.577794134616851807e-01 3.459835052490234375e-01 3.871418535709381104e-01
-4.615112841129302979e-01 3.025833368301391602e-01 2.388648390769958496e-01 1.661383211612701416e-01
-8.662892878055572510e-02 3.305200636386871338e-01 2.588604390621185303e-01 3.711553215980529785e-01
-1.782775223255157471e-01 4.340466577559709549e-03 4.462184309959411621e-01 1.913767606019973755e-01
-8.338480442762374878e-02 -2.537379941713879816e-06 2.649136781692504883e-01 6.566272675991058350e-02
-4.444808363914489746e-01 -3.493331372737884521e-01 1.703289896249771118e-01 1.599839180707931519e-01
7.771554589271545410e-02 -2.737056016921997070e-01 9.925100952386856079e-02 -5.819908156991004944e-02
3.530130982398986816e-01 2.484936267137527466e-01 7.652951776981353760e-02 -3.486553132534027100e-01
-3.241156786680221558e-02 8.058808743953704834e-02 4.392350018024444580e-01 2.490837275981903076e-01
-4.409869015216827393e-01 1.293809036724269390e-03 2.672260403633117676e-01 -3.529170751571655273e-01
-3.053761720657348633e-01 -1.557705923914909363e-02 1.667728424072265625e-01 -4.397715926170349121e-01
-1.460714191198348999e-01 -4.140243828296661377e-01 2.233112044632434845e-02 -3.978310823440551758e-01
-3.604539632797241211e-01 8.907499164342880249e-02 2.128553837537765503e-01 1.165717002004384995e-02
1.071728989481925964e-01 -2.570869326591491699e-01 5.715303495526313782e-02 -2.345599979162216187e-01
2.180401235818862915e-01 -3.336133360862731934e-01 1.357815861701965332e-01 -4.057278633117675781e-01
-1.106429845094680786e-01 3.718793690204620361e-01 2.339500337839126587e-01 -2.328620105981826782e-01
2.678613066673278809e-01 3.587803244590759277e-01 1.438982635736465454e-01 2.055223332718014717e-03
-5.780016258358955383e-02 -2.245526760816574097e-01 1.365882903337478638e-01 9.835830330848693848e-02
3.659692704677581787e-01 -4.157950580120086670e-01 4.508722722530364990e-01 4.111597239971160889e-01
6.256903056055307388e-03 -3.455412685871124268e-01 5.614679679274559021e-02 -2.884624600410461426e-01
2.899011075496673584e-01 -4.647535085678100586e-01 3.430722653865814209e-01 6.347507983446121216e-02
4.559937417507171631e-01 -2.978946864604949951e-01 2.621108889579772949e-01 -3.065578043460845947e-01
-3.876737058162689209e-01 -2.120924592018127441e-01 1.810354441404342651e-01 -3.240246176719665527e-01
3.639124631881713867e-01 3.041599690914154053e-01 2.385318279266357422e-01 -4.094398617744445801e-01
4.743001461029052734e-01 2.114371955394744873e-01 2.842114567756652832e-01 -6.936345249414443970e-02
-3.615494966506958008e-01 -4.498637914657592773e-01 1.711010336875915527e-01 -4.130850434303283691e-01
-2.199103534221649170e-01 -4.234396517276763916e-01 6.296709179878234863e-02 -3.641393184661865234e-01
1.912241131067276001e-01 4.231227040290832520e-01 1.244390085339546204e-01 -4.548247754573822021e-01
-2.842471003532409668e-01 -2.304678261280059814e-01 3.830482065677642822e-01 3.105771243572235107e-01
4.352596998214721680e-01 5.261633079499006271e-03 4.608981609344482422e-01 3.520030379295349121e-01
2.969917356967926025e-01 4.077775478363037109e-01 2.920520901679992676e-01 -2.133136093616485596e-01
-1.605400592088699341e-01 3.640649914741516113e-01 1.246596872806549072e-01 -4.700817912817001343e-02
