2.878280580043792725e-01 2.001016288995742798e-01 1.960625499486923218e-01 -2.723622918128967285e-01
1.332779675722122192e-01 3.011988997459411621e-01 3.705130219459533691e-01 3.439709544181823730e-01
2.459430508315563202e-02 3.019135594367980957e-01 2.286649346351623535e-01 3.285124301910400391e-01
-4.401637017726898193e-01 1.512605547904968262e-01 1.175013706088066101e-01 -3.475602269172668457e-01
8.742524310946464539e-03 -2.907143533229827881e-01 3.078290522098541260e-01 4.651544690132141113e-01
-4.132696688175201416e-01 -1.942014507949352264e-02 2.891235351562500000e-01 4.289346635341644287e-01
1.376515179872512817e-01 -4.306760132312774658e-01 2.718240618705749512e-01 -3.107823729515075684e-01
4.789988994598388672e-01 2.243871390819549561e-01 1.231747120618820190e-01 -6.021220237016677856e-02
5.960250645875930786e-02 -4.591383039951324463e-01 1.378365308046340942e-01 1.715281396172940731e-03
-3.422749042510986328e-01 1.355825066566467285e-01 3.470357060432434082e-01 -3.648356497287750244e-01
1.265891939401626587e-01 -8.891934156417846680e-02 1.381555944681167603e-01 1.574787497520446777e-01
4.886445240117609501e-04 -4.291110038757324219e-01 3.134675621986389160e-01 -2.531484663486480713e-01
4.314494431018829346e-01 -1.376345157623291016e-01 3.540627956390380859e-01 4.183733463287353516e-01
2.897367179393768311e-01 1.879603974521160126e-02 2.918063998222351074e-01 2.739913463592529297e-01
3.772695958614349365e-01 3.120249807834625244e-01 7.643116265535354614e-02 -1.087015196681022644e-01
1.124275848269462585e-01 -3.912390470504760742e-01 1.546872705221176147e-01 2.468709200620651245e-01
-2.904237508773803711e-01 -1.760440319776535034e-01 1.111115366220474243e-01 -3.946226239204406738e-01
2.836006321012973785e-02 -2.561835348606109619e-01 4.481011629104614258e-01 -4.367125928401947021e-01
-3.873274028301239014e-01 1.116767376661300659e-01 1.933423429727554321e-01 1.150689870119094849e-01
3.654046058654785156e-01 1.116304621100425720e-01 1.421380490064620972e-01 3.022714257240295410e-01
3.527149558067321777e-01 1.625577658414840698e-01 1.247573271393775940e-01 -4.704322218894958496e-01
-3.194372355937957764e-01 1.006592288613319397e-01 4.673386514186859131e-01 -1.996366679668426514e-01
3.627937734127044678e-01 -3.748523294925689697e-01 1.040098667144775391e-01 -1.433563828468322754e-01
-3.712899386882781982e-01 -4.810451064258813858e-04 4.176585078239440918e-01 -2.418178021907806396e-01
-4.805014431476593018e-01 2.235060334205627441e-01 2.079203426837921143e-01 4.651759862899780273e-01
-1.915744990110397339e-01 -7.471510674804449081e-03 2.394074350595474243e-01 1.900098659098148346e-02
3.324220478534698486e-01 1.337921991944313049e-02 2.866994775831699371e-02 -3.570279479026794434e-01
4.396617785096168518e-02 -1.178013160824775696e-01 1.336694359779357910e-01 4.810489341616630554e-02
3.056136965751647949e-01 3.335418403148651123e-01 4.583851993083953857e-01 -6.421293318271636963e-02
4.547455012798309326e-01 -1.405447423458099365e-01 3.883501291275024414e-01 1.166853029280900955e-02
-1.497818529605865479e-01 4.084703624248504639e-01 3.637040257453918457e-01 -5.526686459779739380e-02
6.137914955615997314e-02 3.960911333560943604e-01 3.069710433483123779e-01 -1.286367774009704590e-01
2.501853927969932556e-02 -4.511563181877136230e-01 1.062107384204864502e-01 1.635233461856842041e-01
3.944867551326751709e-01 3.555738627910614014e-01 4.397857189178466797e-01 4.890412986278533936e-01
1.680953502655029297e-01 -2.774343788623809814e-01 6.951065361499786377e-02 -2.926717102527618408e-01
-2.018254697322845459e-01 4.407544434070587158e-01 3.632275462150573730e-01 -3.184867203235626221e-01
2.227086573839187622e-01 2.583940327167510986e-01 1.413251906633377075e-01 3.959215879440307617e-01
4.259020090103149414e-01 3.001224398612976074e-01 4.110479056835174561e-01 -1.422216296195983887e-01
1.009665802121162415e-02 -4.296955466270446777e-01 2.254793941974639893e-01 -1.250286847352981567e-01
-3.727477788925170898e-01 -3.657948076725006104e-01 4.204009175300598145e-01 2.068721055984497070e-01
4.831508267670869827e-03 -2.625521719455718994e-01 4.599744379520416260e-01 -3.479010462760925293e-01
2.667634785175323486e-01 -2.895279228687286377e-01 4.313144832849502563e-02 -4.539480805397033691e-01
6.710137426853179932e-02 -2.531328499317169189e-01 2.811857163906097412e-01 -4.998656511306762695e-01
-1.811484396457672119e-01 -4.395058453083038330e-01 2.017220668494701385e-02 -3.591862022876739502e-01
1.511731594800949097e-01 -2.713894248008728027e-01 2.651371806859970093e-02 -2.566581368446350098e-01
-4.864892065525054932e-01 -1.360113769769668579e-01 3.036102056503295898e-01 -1.367157101631164551e-01
-3.155217170715332031e-01 -2.587298452854156494e-01 1.235782802104949951e-01 -3.434859216213226318e-01
4.760569930076599121e-01 1.173310205340385437e-01 1.377514004707336426e-01 -3.314768373966217041e-01
3.054124116897583008e-01 3.615653216838836670e-01 2.026002481579780579e-02 -3.906525373458862305e-01
-2.094761580228805542e-01 -8.846465498208999634e-03 1.308606863021850586e-01 3.762936890125274658e-01
3.416253924369812012e-01 5.401477217674255371e-02 4.305919408798217773e-01 5.476823076605796814e-02
1.959065645933151245e-01 -1.329325586557388306e-01 3.759987652301788330e-01 7.324096560478210449e-02
5.864042788743972778e-02 -2.328741848468780518e-01 1.618048548698425293e-01 -2.131551355123519897e-01
-2.945412099361419678e-01 -2.443908900022506714e-01 1.031835228204727173e-01 1.827824413776397705e-01
-2.173822969198226929e-01 -1.613101363182067871e-01 3.694663047790527344e-01 -8.038545399904251099e-02
4.301254078745841980e-02 -1.512547880411148071e-01 1.766003668308258057e-01 -3.512361347675323486e-01
-3.980168998241424561e-01 -1.530972421169281006e-01 4.820089414715766907e-02 -2.378764934837818146e-02
9.354400634765625000e-02 -4.315432310104370117e-01 4.307588338851928711e-01 -2.153641916811466217e-02
-1.688996106386184692e-01 -3.750557601451873779e-01 3.531192839145660400e-01 -4.217920005321502686e-01
-2.720529437065124512e-01 3.169624507427215576e-01 1.749164313077926636e-01 1.321656554937362671e-01
3.532127141952514648e-01 -1.656423062086105347e-01 4.061011373996734619e-01 2.282625734806060791e-01
4.019024670124053955e-01 -4.562814235687255859e-01 3.698045909404754639e-01 3.514102995395660400e-01
4.386838525533676147e-02 -3.561729192733764648e-01 3.899997174739837646e-01 -4.808696508407592773e-01
-2.698279619216918945e-01 -7.159254699945449829e-02 3.497407957911491394e-02 -2.546856366097927094e-02
1.610934585332870483e-01 -2.303040176630020142e-01 9.957733750343322754e-02 -7.615833729505538940e-02
-2.325621666386723518e-03 -1.168144270777702332e-01 4.415672421455383301e-01 9.555424004793167114e-02
1.393366158008575439e-01 -2.529799640178680420e-01 4.433822929859161377e-01 3.636133670806884766e-01
-3.819799423217773438e-01 -3.998059034347534180e-01 2.556658387184143066e-01 -3.958805799484252930e-01
3.466784954071044922e-01 1.427137255668640137e-01 2.843832671642303467e-01 -4.341387748718261719e-01
-2.833502590656280518e-01 -3.455466926097869873e-01 8.452379703521728516e-02 -3.694133758544921875e-01
6.636074930429458618e-02 7.728802412748336792e-02 3.733292520046234131e-01 -4.864685982465744019e-02
4.758327305316925049e-01 3.814195394515991211e-01 2.523647062480449677e-02 -2.168036103248596191e-01
7.164856046438217163e-02 -1.076189801096916199e-01 1.765457689762115479e-01 -3.305684924125671387e-01
-6.073538586497306824e-02 3.883010149002075195e-02 1.409980952739715576e-01 1.645431220531463623e-01
-4.803038388490676880e-02 1.833360493183135986e-01 3.801300227642059326e-01 -1.175665017217397690e-02
8.892489969730377197e-02 -4.028479754924774170e-01 1.448471546173095703e-01 2.121736556291580200e-01
1.956065297126770020e-01 -7.906503230333328247e-02 1.006492301821708679e-01 2.697559595108032227e-01
1.389706134796142578e-01 -3.345035016536712646e-01 4.133455753326416016e-01 2.941935956478118896e-01
3.692123591899871826e-01 -4.182899892330169678e-01 2.192498594522476196e-01 3.047268688678741455e-01
-1.886215806007385254e-01 -3.360080420970916748e-01 1.212866008281707764e-01 -1.121574416756629944e-01
2.088444977998733521e-01 -1.224972978234291077e-01 2.112763673067092896e-01 2.074689567089080811e-01
-3.086538910865783691e-01 2.774995565414428711e-01 1.541638523340225220e-01 1.698601245880126953e-01
-1.170676667243242264e-02 -2.298622131347656250e-01 6.002999097108840942e-02 -3.492636084556579590e-01
-2.529133856296539307e-01 2.779826819896697998e-01 3.297527432441711426e-01 -2.825991213321685791e-01
-1.924047917127609253e-01 -1.546256691217422485e-01 3.846049010753631592e-01 -6.371854245662689209e-02
-1.296542733907699585e-01 4.676329493522644043e-01 1.629683524370193481e-01 3.540772497653961182e-01
-4.473032653331756592e-01 1.382531076669692993e-01 4.563184976577758789e-01 -3.267402648925781250e-01
3.384386301040649414e-01 3.081409037113189697e-01 1.271146237850189209e-01 4.192317724227905273e-01
-4.673858284950256348e-01 2.211305350065231323e-01 2.015479207038879395e-01 4.287996590137481689e-01
-1.135008186101913452e-01 2.031007707118988037e-01 4.173601269721984863e-01 1.691543161869049072e-01
-3.754442334175109863e-01 1.745011955499649048e-01 2.742174863815307617e-01 -3.591863811016082764e-02
3.792371749877929688e-01 -1.107420846819877625e-01 4.463496804237365723e-01 3.236992359161376953e-01
3.338774740695953369e-01 -1.181353181600570679e-01 3.748390972614288330e-01 3.243666291236877441e-01
2.941378653049468994e-01 2.292454242706298828e-01 3.705951571464538574e-01 3.854428604245185852e-02
2.045760005712509155e-01 -2.787366211414337158e-01 3.061504960060119629e-01 -3.549607992172241211e-01
4.706518724560737610e-02 -4.047045409679412842e-01 2.589145004749298096e-01 -1.969469636678695679e-01
-4.364302158355712891e-01 7.092995196580886841e-02 1.493958830833435059e-01 -2.999616265296936035e-01
4.169597029685974121e-01 1.744814515113830566e-01 3.963989317417144775e-01 -1.988537311553955078e-01
-1.190457493066787720e-01 -2.078298479318618774e-01 1.991239190101623535e-01 1.705888472497463226e-02
2.713951468467712402e-01 -4.012463092803955078e-01 1.794414222240447998e-01 2.529723942279815674e-01
6.557413935661315918e-02 3.611373603343963623e-01 4.018791615962982178e-01 -3.767703771591186523e-01
3.758849501609802246e-01 -1.945533901453018188e-01 1.745535284280776978e-01 -1.396657973527908325e-01
-3.929374516010284424e-01 -1.510887891054153442e-01 2.547586262226104736e-01 -3.984134197235107422e-01
-7.083457708358764648e-02 -3.862141072750091553e-01 2.188967913389205933e-01 3.623460233211517334e-01
-1.886901259422302246e-02 -3.978025317192077637e-01 3.227530121803283691e-01 3.628419935703277588e-01
-4.362017810344696045e-01 2.365711927413940430e-01 3.847850859165191650e-01 1.235414221882820129e-01
3.278065025806427002e-01 2.514900267124176025e-01 7.963327318429946899e-02 -4.300522059202194214e-02
3.419930040836334229e-01 3.338192403316497803e-01 2.967695891857147217e-01 -2.799079567193984985e-02
1.184475719928741455e-01 3.780502974987030029e-01 3.429746329784393311e-01 3.526105582714080811e-01
-4.707750976085662842e-01 2.919059693813323975e-01 2.437414526939392090e-01 1.645195633172988892e-01
-9.182567149400711060e-02 3.706672191619873047e-01 2.714695334434509277e-01 3.662000000476837158e-01
-1.975576728582382202e-01 4.817275330424308777e-03 4.388058781623840332e-01 1.901338696479797363e-01
-9.661748260259628296e-02 2.953695319592952728e-02 2.705447375774383545e-01 4.642106592655181885e-02
-4.668598771095275879e-01 -3.292205333709716797e-01 1.357746869325637817e-01 1.456153392791748047e-01
6.480633467435836792e-02 -2.575591504573822021e-01 1.007065996527671814e-01 -9.135183691978454590e-02
3.513312637805938721e-01 2.437896877527236938e-01 8.337949216365814209e-02 -3.539920747280120850e-01
-2.841498516499996185e-02 9.187574684619903564e-02 4.338773190975189209e-01 2.573384046554565430e-01
-4.212206900119781494e-01 -4.022694379091262817e-02 2.471727877855300903e-01 -3.924795687198638916e-01
-2.811343371868133545e-01 -5.700862780213356018e-02 1.798227578401565552e-01 -4.260604977607727051e-01
-1.504253745079040527e-01 -4.279388487339019775e-01 1.654889062047004700e-02 -3.871255218982696533e-01
-3.538907170295715332e-01 1.115139499306678772e-01 2.305925190448760986e-01 -6.815565750002861023e-03
8.694352209568023682e-02 -2.504993379116058350e-01 5.459410324692726135e-02 -2.322748601436614990e-01
1.956970691680908203e-01 -3.379545509815216064e-01 1.454889923334121704e-01 -4.040521085262298584e-01
-1.211199536919593811e-01 3.765599727630615234e-01 2.380736917257308960e-01 -2.476425021886825562e-01
2.558843195438385010e-01 3.556491434574127197e-01 1.113507822155952454e-01 -2.314446680247783661e-02
-6.454557180404663086e-02 -2.229535132646560669e-01 1.065484881401062012e-01 6.997074186801910400e-02
3.558609485626220703e-01 -4.172688722610473633e-01 4.498216807842254639e-01 4.101469218730926514e-01
-3.631336148828268051e-03 -3.706297576427459717e-01 5.660465732216835022e-02 -3.140198290348052979e-01
2.703235447406768799e-01 -4.453246593475341797e-01 3.368832767009735107e-01 6.465622782707214355e-02
4.491430819034576416e-01 -2.940194010734558105e-01 2.575762569904327393e-01 -3.149390816688537598e-01
-3.847099244594573975e-01 -2.223411649465560913e-01 1.666831076145172119e-01 -3.216802775859832764e-01
3.678196370601654053e-01 3.029451668262481689e-01 2.369126081466674805e-01 -3.996233344078063965e-01
4.676750302314758301e-01 1.991305500268936157e-01 2.785576879978179932e-01 -8.300842344760894775e-02
-3.618274331092834473e-01 -4.420170485973358154e-01 1.693354696035385132e-01 -3.874878585338592529e-01
-2.362476736307144165e-01 -4.424985945224761963e-01 6.116738170385360718e-02 -3.668549358844757080e-01
1.982133239507675171e-01 4.208707511425018311e-01 1.167068257927894592e-01 -4.501247107982635498e-01
-2.842300236225128174e-01 -2.372872531414031982e-01 3.683013021945953369e-01 3.308131098747253418e-01
4.178768396377563477e-01 -7.040800992399454117e-03 4.458139538764953613e-01 3.683787286281585693e-01
3.019457459449768066e-01 4.117709696292877197e-01 2.890092134475708008e-01 -2.102140933275222778e-01
-1.630620062351226807e-01 3.457276225090026855e-01 1.268810033798217773e-01 -3.224229812622070312e-02
