2.826309204101562500e-01 1.746553033590316772e-01 1.909518539905548096e-01 -2.593619525432586670e-01
1.335535496473312378e-01 2.911356389522552490e-01 3.569411635398864746e-01 3.159400522708892822e-01
3.566643595695495605e-02 2.869685292243957520e-01 1.924043446779251099e-01 3.487059473991394043e-01
-4.134795069694519043e-01 1.862455159425735474e-01 1.380243152379989624e-01 -3.471501767635345459e-01
-4.729416221380233765e-02 -3.473936915397644043e-01 2.911307215690612793e-01 4.524674117565155029e-01
-4.256094098091125488e-01 -3.569128364324569702e-02 2.469928860664367676e-01 4.058678150177001953e-01
1.370861232280731201e-01 -4.448586106300354004e-01 2.717079818248748779e-01 -3.419265151023864746e-01
4.772585928440093994e-01 2.038967013359069824e-01 9.578683227300643921e-02 -7.724975049495697021e-02
5.524441599845886230e-02 -4.727088212966918945e-01 1.177105084061622620e-01 3.480236977338790894e-02
-3.184170722961425781e-01 1.169988960027694702e-01 3.417372703552246094e-01 -3.624691963195800781e-01
1.497115492820739746e-01 -1.070557758212089539e-01 1.603723466396331787e-01 1.494482159614562988e-01
8.687443099915981293e-03 -4.343599975109100342e-01 3.073156177997589111e-01 -2.397435903549194336e-01
3.981199264526367188e-01 -1.575024574995040894e-01 3.578015565872192383e-01 4.422603249549865723e-01
2.963519394397735596e-01 8.139596879482269287e-02 3.263556361198425293e-01 2.532984316349029541e-01
3.976253867149353027e-01 2.774396836757659912e-01 6.869689375162124634e-02 -1.004854217171669006e-01
1.000682339072227478e-01 -4.328342974185943604e-01 1.695983260869979858e-01 2.594780623912811279e-01
-2.699344456195831299e-01 -1.424521058797836304e-01 1.288324147462844849e-01 -3.608734309673309326e-01
3.910527378320693970e-02 -2.539786696434020996e-01 4.505963325500488281e-01 -4.365659356117248535e-01
-3.759322762489318848e-01 9.680527448654174805e-02 1.912323981523513794e-01 1.453573703765869141e-01
3.351170420646667480e-01 1.641677916049957275e-01 1.699029207229614258e-01 3.017171025276184082e-01
3.625787496566772461e-01 1.724433600902557373e-01 1.195089444518089294e-01 -4.786962866783142090e-01
-3.278093636035919189e-01 1.022432371973991394e-01 4.654790163040161133e-01 -1.988241076469421387e-01
3.610325455665588379e-01 -3.769245445728302002e-01 8.553221076726913452e-02 -1.617137491703033447e-01
-3.486471772193908691e-01 2.445372380316257477e-02 4.000779986381530762e-01 -2.191601246595382690e-01
-4.887093603610992432e-01 2.054719328880310059e-01 2.264718562364578247e-01 4.614588320255279541e-01
-1.861444264650344849e-01 -1.078650448471307755e-02 2.410666048526763916e-01 -7.262218743562698364e-03
3.136453032493591309e-01 7.876824587583541870e-02 2.679245360195636749e-02 -3.707048892974853516e-01
5.539044737815856934e-02 -1.461097598075866699e-01 1.422112286090850830e-01 2.135910652577877045e-02
2.675367593765258789e-01 3.730721175670623779e-01 4.617296159267425537e-01 -8.736080676317214966e-02
4.525763690471649170e-01 -1.217670291662216187e-01 3.940393030643463135e-01 9.393567219376564026e-03
-1.697240173816680908e-01 4.055681526660919189e-01 3.749812543392181396e-01 -7.820831239223480225e-02
2.166880480945110321e-02 3.824969232082366943e-01 3.018195629119873047e-01 -1.810442805290222168e-01
2.271660044789314270e-02 -4.509980976581573486e-01 1.025594323873519897e-01 1.432979106903076172e-01
3.567780554294586182e-01 4.290203750133514404e-01 4.419642984867095947e-01 5.052440762519836426e-01
1.937280595302581787e-01 -2.871198952198028564e-01 5.366271734237670898e-02 -3.244328796863555908e-01
-2.061986029148101807e-01 4.320957362651824951e-01 3.653235137462615967e-01 -3.159486949443817139e-01
2.124952822923660278e-01 2.073803395032882690e-01 1.150261014699935913e-01 3.857243359088897705e-01
3.720476329326629639e-01 3.145222365856170654e-01 4.330750107765197754e-01 -1.474739909172058105e-01
-2.776953391730785370e-02 -4.413835406303405762e-01 2.048704922199249268e-01 -1.303410083055496216e-01
-3.271860480308532715e-01 -3.379413187503814697e-01 4.259236156940460205e-01 2.376528829336166382e-01
1.711977273225784302e-02 -3.013398349285125732e-01 4.572382271289825439e-01 -3.659950494766235352e-01
2.684417366981506348e-01 -2.928809821605682373e-01 4.140309244394302368e-02 -4.383475780487060547e-01
6.192502751946449280e-02 -2.478326559066772461e-01 2.818899452686309814e-01 -4.786866009235382080e-01
-1.801498681306838989e-01 -4.365248084068298340e-01 2.839677780866622925e-02 -3.565180003643035889e-01
1.740708947181701660e-01 -2.416556179523468018e-01 2.869443781673908234e-02 -2.550490200519561768e-01
-4.754802584648132324e-01 -1.670503467321395874e-01 2.879188060760498047e-01 -1.462963223457336426e-01
-2.876790463924407959e-01 -2.513020634651184082e-01 1.246970221400260925e-01 -3.305888473987579346e-01
4.849596023559570312e-01 1.152487024664878845e-01 1.434248387813568115e-01 -3.183254599571228027e-01
3.360404074192047119e-01 3.434503674507141113e-01 2.092524245381355286e-02 -3.706592619419097900e-01
-1.620658636093139648e-01 4.568818584084510803e-02 1.158455237746238708e-01 3.280554413795471191e-01
3.199847638607025146e-01 8.438117802143096924e-02 4.240368008613586426e-01 6.285765767097473145e-02
2.008348554372787476e-01 -1.060243695974349976e-01 3.478818833827972412e-01 8.497362583875656128e-02
3.313834220170974731e-02 -2.402991056442260742e-01 1.435788571834564209e-01 -2.128303647041320801e-01
-2.689932286739349365e-01 -2.374245524406433105e-01 1.108503863215446472e-01 1.578460484743118286e-01
-2.076094895601272583e-01 -1.584455817937850952e-01 3.686704039573669434e-01 -3.738714009523391724e-02
4.527522251009941101e-02 -1.808591336011886597e-01 1.676457226276397705e-01 -3.751516342163085938e-01
-3.738428652286529541e-01 -1.486734300851821899e-01 6.932049989700317383e-02 -4.576321318745613098e-02
9.819635748863220215e-02 -4.352568387985229492e-01 4.149567186832427979e-01 -4.552278667688369751e-02
-1.639026403427124023e-01 -3.588323295116424561e-01 3.602278828620910645e-01 -4.120835959911346436e-01
-2.568094134330749512e-01 3.270425796508789062e-01 2.015442699193954468e-01 1.086707040667533875e-01
3.545508980751037598e-01 -1.230788901448249817e-01 3.878544569015502930e-01 2.171351313591003418e-01
4.236687719821929932e-01 -4.461182951927185059e-01 3.640252947807312012e-01 3.591484427452087402e-01
-1.178367808461189270e-02 -3.680453002452850342e-01 4.084657728672027588e-01 -4.818176031112670898e-01
-2.680923342704772949e-01 -7.726282626390457153e-02 2.719474770128726959e-02 -2.022629044950008392e-02
1.469880491495132446e-01 -2.554697096347808838e-01 9.114952385425567627e-02 -7.575371116399765015e-02
-2.434693276882171631e-02 -1.336593627929687500e-01 4.541409313678741455e-01 7.219627499580383301e-02
1.337262243032455444e-01 -2.426157593727111816e-01 4.523688852787017822e-01 3.280573487281799316e-01
-3.581624031066894531e-01 -4.314492940902709961e-01 2.344110906124114990e-01 -4.115646481513977051e-01
3.532397747039794922e-01 1.230111494660377502e-01 2.799865007400512695e-01 -4.338700473308563232e-01
-2.523101866245269775e-01 -3.495073616504669189e-01 6.159515306353569031e-02 -3.551641702651977539e-01
4.243918508291244507e-02 6.690225750207901001e-02 3.777997195720672607e-01 -5.822299048304557800e-02
4.939747452735900879e-01 3.651236295700073242e-01 5.034128203988075256e-02 -1.648954600095748901e-01
7.363214343786239624e-02 -1.408620476722717285e-01 1.626656800508499146e-01 -3.432662785053253174e-01
-5.742283165454864502e-02 8.572058752179145813e-03 1.463305801153182983e-01 1.653255522251129150e-01
-1.394767500460147858e-02 1.715842783451080322e-01 4.039274156093597412e-01 -1.472827233374118805e-02
8.011414110660552979e-02 -4.142399430274963379e-01 1.395822763442993164e-01 2.139611542224884033e-01
2.012770622968673706e-01 -7.093708217144012451e-02 1.141137704253196716e-01 2.757620811462402344e-01
1.333127617835998535e-01 -3.366219997406005859e-01 4.121852517127990723e-01 2.859279215335845947e-01
4.154889881610870361e-01 -4.078342616558074951e-01 2.229762822389602661e-01 3.261202275753021240e-01
-2.195554822683334351e-01 -3.719595372676849365e-01 1.067492887377738953e-01 -1.536983102560043335e-01
2.349215000867843628e-01 -1.288260221481323242e-01 2.111710309982299805e-01 2.122360467910766602e-01
-3.040506243705749512e-01 2.674315571784973145e-01 1.992434114217758179e-01 1.960830092430114746e-01
2.221926301717758179e-02 -1.563210934400558472e-01 5.880029872059822083e-02 -3.368172943592071533e-01
-2.377916425466537476e-01 2.985506653785705566e-01 3.258158266544342041e-01 -3.008667826652526855e-01
-1.887833178043365479e-01 -1.554573327302932739e-01 3.829949200153350830e-01 -2.478609234094619751e-02
-1.301964074373245239e-01 5.240581035614013672e-01 1.743734478950500488e-01 3.597757816314697266e-01
-4.169703125953674316e-01 1.057258173823356628e-01 4.564775824546813965e-01 -3.119774460792541504e-01
3.267518281936645508e-01 3.423117697238922119e-01 1.193608641624450684e-01 3.862436115741729736e-01
-4.879676401615142822e-01 2.131836414337158203e-01 2.066929489374160767e-01 4.220894873142242432e-01
-9.497155994176864624e-02 2.089466601610183716e-01 4.208812415599822998e-01 1.559578478336334229e-01
-3.695405423641204834e-01 1.855783313512802124e-01 2.862503230571746826e-01 -3.619100898504257202e-02
3.571983277797698975e-01 -3.429090604186058044e-02 4.555999934673309326e-01 3.059578537940979004e-01
3.143244683742523193e-01 -1.082079038023948669e-01 3.751851618289947510e-01 3.268780410289764404e-01
3.080381155014038086e-01 2.465398758649826050e-01 3.612909913063049316e-01 3.390222042798995972e-02
2.439085692167282104e-01 -3.119026422500610352e-01 2.955089211463928223e-01 -3.261552155017852783e-01
1.356024201959371567e-02 -4.129921495914459229e-01 2.476564049720764160e-01 -1.831150949001312256e-01
-4.123140871524810791e-01 9.166751056909561157e-02 1.651173532009124756e-01 -3.321285843849182129e-01
4.181005358695983887e-01 1.647919267416000366e-01 3.961488604545593262e-01 -2.104411423206329346e-01
-1.272261738777160645e-01 -2.364922016859054565e-01 2.163453549146652222e-01 2.948654443025588989e-02
3.401875197887420654e-01 -4.245936870574951172e-01 1.985593140125274658e-01 2.420680820941925049e-01
7.589869201183319092e-02 3.515540659427642822e-01 4.003672003746032715e-01 -3.814215958118438721e-01
3.778380155563354492e-01 -1.737675815820693970e-01 1.719632297754287720e-01 -1.422584205865859985e-01
-3.739361763000488281e-01 -1.262783110141754150e-01 2.391131967306137085e-01 -4.198546111583709717e-01
-7.332611829042434692e-02 -3.680990040302276611e-01 2.094378918409347534e-01 3.505821824073791504e-01
-3.177721053361892700e-02 -3.741143345832824707e-01 3.364209234714508057e-01 3.525010347366333008e-01
-4.098416268825531006e-01 2.138652354478836060e-01 4.077523946762084961e-01 1.219828054308891296e-01
3.320339620113372803e-01 2.253639549016952515e-01 5.867700651288032532e-02 -4.772910475730895996e-02
3.397048711776733398e-01 3.174171149730682373e-01 3.014739155769348145e-01 -1.401210390031337738e-02
9.211813658475875854e-02 3.823971748352050781e-01 3.426303565502166748e-01 3.442614674568176270e-01
-4.645635783672332764e-01 2.980277538299560547e-01 2.701757848262786865e-01 1.453710496425628662e-01
-1.132052168250083923e-01 3.681787252426147461e-01 2.941460311412811279e-01 3.625892400741577148e-01
-1.935544013977050781e-01 -1.922965608537197113e-02 4.384458363056182861e-01 2.126901447772979736e-01
-7.937323302030563354e-02 1.909846812486648560e-02 2.746974527835845947e-01 2.670532464981079102e-02
-4.524736106395721436e-01 -3.072038590908050537e-01 1.769138574600219727e-01 1.627592444419860840e-01
4.242252930998802185e-02 -2.747995853424072266e-01 9.148265421390533447e-02 -1.019240617752075195e-01
3.556807339191436768e-01 2.331423759460449219e-01 7.327002286911010742e-02 -3.717449009418487549e-01
-5.069826170802116394e-02 9.139214456081390381e-02 4.427510201930999756e-01 2.320173978805541992e-01
-4.156512022018432617e-01 -5.374899134039878845e-02 2.385423630475997925e-01 -3.981538712978363037e-01
-2.982872724533081055e-01 -5.450795963406562805e-02 1.804092079401016235e-01 -4.454413354396820068e-01
-1.604812294244766235e-01 -4.227089583873748779e-01 2.088763006031513214e-02 -3.835162520408630371e-01
-3.574046194553375244e-01 9.773880243301391602e-02 2.238508015871047974e-01 1.941373920999467373e-03
7.248388230800628662e-02 -2.351059019565582275e-01 5.103895440697669983e-02 -2.311069965362548828e-01
1.803610622882843018e-01 -3.319192230701446533e-01 1.431162357330322266e-01 -4.243630170822143555e-01
-1.256459504365921021e-01 3.740129470825195312e-01 2.393694967031478882e-01 -2.745285034179687500e-01
2.446573376655578613e-01 3.556047976016998291e-01 1.107321754097938538e-01 -2.336773462593555450e-02
-8.196330815553665161e-02 -2.524104118347167969e-01 1.285988539457321167e-01 8.896233886480331421e-02
3.591976165771484375e-01 -4.155711233615875244e-01 4.536352753639221191e-01 4.025761783123016357e-01
-8.012923412024974823e-03 -3.646048009395599365e-01 4.716939851641654968e-02 -3.036569058895111084e-01
2.657282948493957520e-01 -4.992627501487731934e-01 3.282669782638549805e-01 3.336985409259796143e-02
4.429901838302612305e-01 -2.668513655662536621e-01 2.609747946262359619e-01 -3.055899739265441895e-01
-3.951496779918670654e-01 -2.352277785539627075e-01 1.612458378076553345e-01 -3.223419487476348877e-01
3.690521717071533203e-01 2.746519744396209717e-01 2.365537583827972412e-01 -4.119347929954528809e-01
4.600309133529663086e-01 2.158678919076919556e-01 2.784740626811981201e-01 -6.911601126194000244e-02
-3.648346960544586182e-01 -4.389990866184234619e-01 1.739951223134994507e-01 -4.020026922225952148e-01
-2.183328717947006226e-01 -4.286100864410400391e-01 4.001348838210105896e-02 -3.489385545253753662e-01
1.966900229454040527e-01 4.349622726440429688e-01 1.206416115164756775e-01 -4.623014926910400391e-01
-2.908251583576202393e-01 -2.681472003459930420e-01 3.839727044105529785e-01 3.155000209808349609e-01
4.052472412586212158e-01 5.333575606346130371e-02 4.552570283412933350e-01 3.431147634983062744e-01
2.833997905254364014e-01 4.230935275554656982e-01 3.012544512748718262e-01 -2.045011073350906372e-01
-1.662787050008773804e-01 3.592712879180908203e-01 1.262710243463516235e-01 -5.562837049365043640e-02
